Geneid	standard_protocol-UHRR-Collibri-100_ng-3_S4_L001	standard_protocol-HBR-Collibri-100_ng-2_S1_L001	standard_protocol-UHRR-Collibri-100_ng-2_S3_L001	standard_protocol-HBR-Collibri-100_ng-3_S2_L001
ENSG00000011304.12	7891	374	7388	426
ENSG00000064666.10	2965	80	2754	80
ENSG00000064687.8	1070	246	1082	272
ENSG00000064932.11	1319	111	1298	141
ENSG00000065268.6	738	225	632	289
ENSG00000070388.7	2	19	1	22
ENSG00000070404.5	692	70	557	61
ENSG00000070423.13	544	197	466	216
ENSG00000071564.10	2554	209	2282	214
ENSG00000071626.12	3123	552	2794	574
ENSG00000071655.13	1716	928	1398	911
ENSG00000079313.7	664	517	646	511
ENSG00000099617.2	103	7	56	12
ENSG00000099622.9	1455	2231	1408	2278
ENSG00000099624.3	1359	915	1121	1030
ENSG00000099625.8	88	217	120	222
ENSG00000099804.4	654	350	574	390
ENSG00000099812.6	382	1	371	0
ENSG00000099817.7	1362	677	1168	691
ENSG00000099821.9	1171	518	969	526
ENSG00000099822.2	217	673	235	797
ENSG00000099864.13	233	2862	241	3025
ENSG00000099866.10	22	28	19	43
ENSG00000105549.6	0	0	0	4
ENSG00000105556.6	245	92	233	91
ENSG00000115255.6	199	79	188	136
ENSG00000115257.11	100	44	102	38
ENSG00000115266.7	68	4129	59	4359
ENSG00000115268.5	3838	1049	3636	1167
ENSG00000115286.15	668	676	667	734
ENSG00000116014.5	74	5	58	6
ENSG00000116017.6	1486	68	1359	66
ENSG00000116032.5	33	0	35	0
ENSG00000118046.10	1013	852	959	791
ENSG00000119559.11	310	157	344	226
ENSG00000127540.7	491	408	431	388
ENSG00000129911.4	415	289	391	296
ENSG00000129946.6	94	312	98	337
ENSG00000129951.14	118	168	104	202
ENSG00000129968.11	715	821	577	907
ENSG00000130005.7	309	251	306	244
ENSG00000130270.12	109	9	98	10
ENSG00000133243.4	891	1211	826	1193
ENSG00000133275.11	1160	617	956	557
ENSG00000141933.8	115	104	119	122
ENSG00000141934.5	133	62	131	40
ENSG00000160953.10	698	1274	676	1256
ENSG00000167468.12	2199	1604	1921	1754
ENSG00000167470.8	2784	509	2702	522
ENSG00000172232.5	131	5	162	8
ENSG00000172270.14	7259	3701	6747	3733
ENSG00000175221.10	622	433	587	394
ENSG00000176695.5	0	0	0	0
ENSG00000180448.6	1363	102	1261	111
ENSG00000180846.4	0	0	0	0
ENSG00000181588.15	472	170	495	175
ENSG00000181781.5	2	3	2	5
ENSG00000182087.8	2682	959	2381	1024
ENSG00000183186.6	24	161	19	183
ENSG00000185198.7	0	0	0	0
ENSG00000185761.6	119	2	94	11
ENSG00000185988.7	6	18	3	33
ENSG00000196415.5	79	14	72	12
ENSG00000197540.3	22	0	25	1
ENSG00000197561.2	195	7	226	5
ENSG00000197766.3	198	23	251	15
ENSG00000198683.2	209	106	138	121
ENSG00000198858.5	493	191	374	214
ENSG00000205922.4	1	0	2	0
ENSG00000206082.8	123	46	83	51
ENSG00000207357.1	16	3	4	2
ENSG00000207507.1	3	2	0	1
ENSG00000213638.4	96	30	74	32
ENSG00000213726.4	2	3	2	1
ENSG00000222329.1	1	0	0	0
ENSG00000222720.1	0	0	0	0
ENSG00000223244.1	41	31	35	14
ENSG00000225373.4	27	25	36	11
ENSG00000227500.5	625	394	454	414
ENSG00000228300.9	368	112	319	83
ENSG00000233630.4	0	0	0	2
ENSG00000239367.2	0	0	0	0
ENSG00000240846.1	15	4	22	0
ENSG00000248015.2	66	29	65	15
ENSG00000252539.1	0	0	0	0
ENSG00000252933.1	1	0	2	1
ENSG00000261204.1	4	0	3	1
ENSG00000261526.1	66	10	46	13
ENSG00000263414.1	12	0	3	0
ENSG00000265767.1	20	0	17	5
ENSG00000266399.1	0	0	0	0
ENSG00000266926.1	5	5	11	1
ENSG00000266927.2	0	0	1	0
ENSG00000266933.1	3	0	2	7
ENSG00000266939.1	1	0	4	0
ENSG00000266945.2	0	0	0	0
ENSG00000266971.1	4	0	1	0
ENSG00000266990.1	1	0	1	4
ENSG00000267007.1	0	0	0	0
ENSG00000267020.1	0	0	0	0
ENSG00000267029.3	0	0	0	0
ENSG00000267036.1	0	0	0	4
ENSG00000267059.2	1144	730	950	751
ENSG00000267073.1	1	0	0	0
ENSG00000267092.1	2	3	1	0
ENSG00000267124.2	0	0	0	0
ENSG00000267125.1	1	0	1	0
ENSG00000267141.1	1	0	1	0
ENSG00000267159.1	0	0	0	2
ENSG00000267161.1	41	9	48	13
ENSG00000267232.1	0	0	0	0
ENSG00000267237.2	19	3	13	7
ENSG00000267244.1	0	0	1	0
ENSG00000267290.1	0	3	2	0
ENSG00000267305.1	0	0	0	2
ENSG00000267310.1	0	0	0	0
ENSG00000267317.1	69	6	78	8
ENSG00000267372.1	2	0	0	0
ENSG00000267443.1	0	0	0	0
ENSG00000267447.1	0	0	0	0
ENSG00000267493.2	3	1	4	1
ENSG00000267530.2	29	0	26	1
ENSG00000267588.2	5	5	0	6
ENSG00000267600.1	10	5	2	1
ENSG00000267616.1	2	2	4	2
ENSG00000267639.2	2	1	2	3
ENSG00000267666.1	10	14	10	10
ENSG00000267715.1	1	0	0	0
ENSG00000267736.1	0	0	0	0
ENSG00000267751.1	31	3	23	3
ENSG00000267755.1	0	0	3	1
ENSG00000267759.1	23	3	14	3
ENSG00000267778.1	1	9	2	7
ENSG00000267792.1	0	0	0	0
ENSG00000268798.1	17	7	17	10
ENSG00000269169.1	2	3	0	0
ENSG00000271846.1	0	0	0	0
ENSG00000272098.1	46	17	34	15
ENSG00000272448.1	2	0	2	0
ENSG00000272473.1	1	1	4	0
