chr19	65227	66345	0	0	1	1	0	7
chr19	66499	71139	2	2	0	1	0	54
chr19	66500	70927	0	0	1	2	1	30
chr19	201662	201754	2	2	0	1	1	62
chr19	201662	205168	2	2	0	5	6	70
chr19	201813	203873	2	2	0	2	0	58
chr19	203994	205168	2	2	0	1	0	30
chr19	204065	205168	2	2	0	3	1	58
chr19	205076	205168	2	2	0	0	6	58
chr19	205227	205453	2	2	0	1	0	58
chr19	205227	208325	2	2	0	0	4	15
chr19	205227	221139	2	2	0	0	4	15
chr19	208391	209234	2	2	0	1	0	23
chr19	208391	211760	2	2	0	1	0	61
chr19	209432	209767	2	2	0	1	0	17
chr19	209432	211760	2	2	0	1	0	72
chr19	209866	211760	2	2	0	1	0	33
chr19	219087	221139	2	2	0	1	0	41
chr19	221205	223965	2	2	0	1	0	65
chr19	221205	229634	2	2	0	1	0	45
chr19	224048	229634	2	2	0	3	0	74
chr19	229878	230142	2	2	0	1	0	17
chr19	233542	234424	2	2	0	6	0	57
chr19	234641	237934	2	2	0	3	0	22
chr19	281537	282132	2	2	0	5	1	58
chr19	282311	282751	0	0	1	3	0	52
chr19	282810	287473	0	0	1	3	0	48
chr19	287751	288018	2	2	0	4	0	41
chr19	288172	291284	0	0	1	7	0	52
chr19	288172	291325	0	0	1	1	0	45
chr19	302846	303358	2	2	0	0	1	31
chr19	302909	303358	2	2	0	0	1	31
chr19	303071	303358	2	2	0	0	1	31
chr19	303293	303358	2	2	0	0	1	31
chr19	306711	307117	2	2	0	16	0	70
chr19	307537	308576	0	0	1	3	1	64
chr19	308665	308799	2	2	0	5	2	75
chr19	308926	311844	0	0	1	12	1	70
chr19	311940	312190	0	0	1	10	0	63
chr19	312273	313491	0	0	1	12	0	71
chr19	312469	312606	2	2	0	0	1	51
chr19	312538	312606	2	2	0	0	1	51
chr19	313643	325633	2	2	0	7	0	54
chr19	324039	324099	1	3	0	1	0	73
chr19	325705	326506	0	0	1	11	0	68
chr19	326336	326443	1	1	0	0	1	32
chr19	326372	326443	1	1	0	0	1	32
chr19	326598	327131	2	2	0	11	2	65
chr19	327256	327862	2	2	0	13	2	65
chr19	327990	334399	0	0	1	8	0	60
chr19	334543	336082	0	0	1	4	0	67
chr19	381269	381952	1	1	0	0	1	53
chr19	381425	381952	1	1	0	0	1	53
chr19	381689	381952	1	1	0	0	1	53
chr19	408402	409005	0	0	1	2	0	67
chr19	417323	418922	0	0	1	7	0	67
chr19	419057	422145	0	0	1	3	0	61
chr19	422046	422087	2	2	0	1	0	40
chr19	422373	425095	2	2	0	1	0	21
chr19	422456	425095	2	2	0	1	0	58
chr19	425232	430683	0	0	1	6	0	64
chr19	430748	434708	0	0	1	3	0	50
chr19	434866	436164	0	0	1	2	0	38
chr19	436292	436379	0	0	1	3	4	60
chr19	436431	436628	2	2	0	0	6	51
chr19	436432	436629	0	0	1	0	6	52
chr19	436683	438716	2	2	0	0	7	40
chr19	436684	438717	0	0	1	1	7	39
chr19	438837	438968	2	2	0	0	3	62
chr19	438838	438969	0	0	1	3	3	60
chr19	439030	440860	2	2	0	1	2	60
chr19	439031	440861	0	0	1	1	2	51
chr19	440933	460528	0	0	1	5	0	67
chr19	441628	460527	2	2	0	1	0	28
chr19	501625	507375	0	0	1	0	1	27
chr19	507845	518888	0	0	1	6	0	65
chr19	513653	513684	2	2	0	1	0	38
chr19	513685	513748	2	2	0	1	0	73
chr19	532109	535836	0	0	1	71	1	75
chr19	534525	534612	2	2	0	0	1	52
chr19	534525	534656	2	2	0	0	1	52
chr19	534525	534700	2	2	0	0	1	52
chr19	534525	534744	2	2	0	0	1	52
chr19	534569	534612	2	2	0	0	2	70
chr19	534569	534656	2	2	0	0	2	70
chr19	534569	534700	2	2	0	0	1	70
chr19	534657	534832	2	2	0	0	1	48
chr19	534701	534832	2	2	0	0	1	48
chr19	534745	534832	2	2	0	0	1	48
chr19	534789	534832	2	2	0	0	1	48
chr19	535923	536241	1	1	0	64	1	71
chr19	536341	537012	0	0	1	52	1	74
chr19	537147	541341	1	1	0	5	0	42
chr19	537148	538677	0	0	1	1	0	15
chr19	537148	541338	0	0	1	61	1	74
chr19	537148	541342	0	0	1	1	0	5
chr19	537148	541345	0	0	1	1	0	44
chr19	537596	537900	2	2	0	1	0	18
chr19	547437	548541	0	0	1	5	0	68
chr19	548677	548920	1	1	0	7	0	61
chr19	549186	549629	0	0	1	1	0	28
chr19	562653	571438	2	2	0	1	0	50
chr19	567625	571439	0	0	1	10	0	64
chr19	567649	571439	0	0	1	3	0	63
chr19	569562	576695	1	1	0	0	1	30
chr19	570979	576695	1	1	0	0	1	30
chr19	571579	579498	1	1	0	2	0	40
chr19	571596	571947	2	2	0	1	0	53
chr19	572701	579498	1	1	0	262	10	74
chr19	573162	579498	1	1	0	1	0	20
chr19	578178	578291	2	4	0	1	0	34
chr19	579657	580378	0	0	1	796	16	75
chr19	580461	580644	1	1	0	15	9	74
chr19	580462	580645	0	0	1	434	18	75
chr19	580782	581313	1	1	0	15	8	61
chr19	580783	581314	0	0	1	479	14	75
chr19	581591	582304	1	1	0	493	4	29
chr19	582330	582516	1	1	0	1	0	25
chr19	582331	582513	0	0	1	597	4	28
chr19	582334	582518	1	1	0	0	1	29
chr19	582582	582748	1	1	0	16	1	68
chr19	582583	582749	0	0	1	519	6	70
chr19	582613	582748	1	1	0	1	0	14
chr19	590578	603543	0	0	1	13	0	72
chr19	597464	597625	1	1	0	0	1	46
chr19	603967	605059	1	1	0	23	0	64
chr19	605222	607962	1	1	0	6	0	68
chr19	605382	605589	1	1	0	0	1	19
chr19	605486	605589	1	1	0	0	1	19
chr19	605642	605797	1	1	0	0	1	52
chr19	605694	605797	1	1	0	0	1	66
chr19	605746	605797	1	1	0	0	1	66
chr19	608182	610257	1	1	0	2	1	72
chr19	610406	613247	0	0	1	10	1	75
chr19	611154	612877	2	2	0	1	0	34
chr19	613488	613850	1	1	0	8	1	72
chr19	614016	614931	1	1	0	1	0	61
chr19	614017	615794	0	0	1	12	0	69
chr19	615006	615793	1	1	0	1	0	16
chr19	617323	617417	2	2	0	1	0	26
chr19	617324	617418	0	0	1	12	1	61
chr19	617480	617568	2	2	0	12	0	61
chr19	617656	617776	0	0	1	7	0	65
chr19	617849	618486	2	2	0	3	0	51
chr19	617850	618487	0	0	1	75	4	57
chr19	617871	618487	0	0	1	1	0	22
chr19	618281	618486	2	2	0	1	0	32
chr19	618587	618704	0	0	1	14	0	8
chr19	618761	618996	0	0	1	8	1	52
chr19	619111	619209	0	0	1	17	1	74
chr19	619297	619585	0	0	1	49	2	74
chr19	619766	619957	0	0	1	25	4	68
chr19	620080	620363	2	2	0	1	4	58
chr19	620081	620364	0	0	1	24	4	66
chr19	620487	621056	2	2	0	0	2	16
chr19	620488	621057	0	0	1	22	2	65
chr19	621847	622148	0	0	1	28	0	74
chr19	622374	622581	0	0	1	22	0	74
chr19	622752	622819	2	2	0	1	0	60
chr19	622753	622820	0	0	1	21	0	75
chr19	622986	623453	0	0	1	26	0	75
chr19	623585	624044	1	1	0	2	0	71
chr19	623603	624717	2	2	0	1	0	60
chr19	623604	624718	0	0	1	54	4	72
chr19	624906	625123	0	0	1	25	0	65
chr19	625255	629539	0	0	1	17	0	65
chr19	630169	632833	0	0	1	18	0	74
chr19	632938	633423	2	2	0	2	0	52
chr19	632939	633199	0	0	1	2	0	52
chr19	632939	633424	0	0	1	13	0	64
chr19	633334	633456	1	3	0	1	0	69
chr19	648278	648371	0	0	1	40	4	75
chr19	648487	648880	2	2	0	1	0	29
chr19	648488	648881	0	0	1	42	2	69
chr19	648976	649678	0	0	1	30	0	73
chr19	649052	649677	2	2	0	1	0	71
chr19	649748	650232	2	2	0	0	5	64
chr19	649749	650233	0	0	1	14	5	72
chr19	650296	651609	2	2	0	1	5	52
chr19	650296	663045	2	2	0	1	0	59
chr19	650297	651610	0	0	1	7	5	60
chr19	650297	651691	0	0	1	4	0	55
chr19	651169	651211	1	3	0	0	1	58
chr19	651785	652232	0	0	1	0	2	7
chr19	651823	652232	0	0	1	1	0	55
chr19	651856	652232	0	0	1	29	2	66
chr19	651916	652232	0	0	1	4	0	43
chr19	652296	652824	2	2	0	2	6	60
chr19	652297	652825	0	0	1	3	6	58
chr19	652884	663045	2	2	0	0	6	49
chr19	652885	663046	0	0	1	2	6	48
chr19	667398	667444	1	1	0	1	0	30
chr19	676526	680272	1	1	0	1	0	23
chr19	676527	677791	0	0	1	65	2	74
chr19	677977	680272	1	1	0	13	0	71
chr19	680489	681331	1	1	0	21	1	75
chr19	680774	681331	1	1	0	2	0	16
chr19	680879	681331	1	1	0	1	0	61
chr19	681561	681649	0	0	1	22	1	73
chr19	696398	703686	2	2	0	1	0	45
chr19	708157	726136	1	1	0	1	0	38
chr19	709152	726137	0	0	1	4	0	52
chr19	726190	727007	0	0	1	15	0	53
chr19	727088	727562	1	1	0	13	0	72
chr19	727695	731094	0	0	1	11	0	57
chr19	731245	734171	1	1	0	11	1	70
chr19	734194	736017	1	1	0	11	1	24
chr19	736078	740350	1	1	0	11	0	46
chr19	736078	746283	1	1	0	6	0	56
chr19	740483	746283	1	1	0	2	0	53
chr19	751171	756888	1	1	0	2	0	46
chr19	758727	759908	0	0	1	20	1	73
chr19	760039	761623	1	1	0	4	0	40
chr19	760039	763499	1	1	0	1	0	31
chr19	761664	763500	0	0	1	24	0	41
chr19	783331	784814	0	0	1	9	0	69
chr19	788307	834900	2	2	0	0	1	60
chr19	797505	799411	1	1	0	85	4	40
chr19	798515	799411	1	1	0	1	0	31
chr19	798545	799411	1	1	0	1	0	25
chr19	799443	803559	1	1	0	111	4	48
chr19	799443	803618	1	1	0	1	0	17
chr19	803636	803736	1	1	0	1	0	28
chr19	803636	804034	1	1	0	215	11	74
chr19	804181	829687	2	2	0	0	1	12
chr19	804209	804291	0	0	1	189	4	74
chr19	804438	804530	1	1	0	477	12	75
chr19	804439	804540	0	0	1	2	0	70
chr19	804702	804827	1	1	0	197	11	74
chr19	804939	805011	1	1	0	640	24	75
chr19	805187	805490	1	1	0	3	122	69
chr19	805187	805511	1	1	0	2	0	58
chr19	805187	806406	1	1	0	15	0	58
chr19	805188	805491	0	0	1	113	125	75
chr19	805188	806407	0	0	1	70	1	59
chr19	805569	806406	1	1	0	0	122	67
chr19	805570	806407	0	0	1	26	124	66
chr19	806556	807867	1	1	0	151	8	35
chr19	806556	808358	1	1	0	3	0	41
chr19	807903	808359	0	0	1	215	7	73
chr19	808452	808544	1	1	0	178	9	75
chr19	808763	810542	0	0	1	593	24	75
chr19	810620	810696	1	1	0	1	0	54
chr19	810621	810693	0	0	1	444	10	75
chr19	813896	814433	0	0	1	16	1	74
chr19	814608	814691	0	0	1	12	0	58
chr19	814749	814884	2	2	0	1	0	46
chr19	814750	814885	0	0	1	6	0	58
chr19	815081	815184	2	2	0	1	0	37
chr19	815082	815185	0	0	1	6	0	64
chr19	815328	815665	0	0	1	6	0	43
chr19	815852	821484	0	0	1	1	2	66
chr19	821586	821914	0	0	1	3	0	59
chr19	825850	828228	1	1	0	1	0	20
chr19	827905	828229	0	0	1	2	0	38
chr19	828387	829561	0	0	1	3	1	72
chr19	829706	830706	1	1	0	12	0	75
chr19	830942	831715	0	0	1	22	5	48
chr19	841070	843460	0	0	1	2	1	52
chr19	843626	843891	1	1	0	4	0	74
chr19	844034	846145	1	1	0	3	0	33
chr19	846378	847798	0	0	1	10	1	73
chr19	852396	852875	0	0	1	16	1	74
chr19	852716	852874	1	1	0	1	0	24
chr19	853032	853260	1	1	0	30	2	66
chr19	853403	855562	1	1	0	30	1	74
chr19	855795	855957	0	0	1	32	0	74
chr19	859744	860615	1	1	0	4	0	33
chr19	860774	860860	0	0	1	10	0	72
chr19	861005	861697	1	1	0	47	1	72
chr19	861956	867427	1	1	0	2	0	31
chr19	861957	863091	0	0	1	14	0	70
chr19	868251	868414	2	2	0	1	0	39
chr19	868499	868861	2	2	0	2	1	74
chr19	868500	868862	0	0	1	15	2	68
chr19	868946	871035	2	2	0	0	1	14
chr19	868947	871036	0	0	1	9	1	70
chr19	871253	871924	2	2	0	18	0	64
chr19	872118	873447	2	2	0	1	0	68
chr19	872119	873448	0	0	1	10	0	66
chr19	872998	873141	1	1	0	0	1	44
chr19	873088	873141	1	1	0	0	1	44
chr19	873583	875243	0	0	1	18	0	74
chr19	875455	876973	0	0	1	13	2	71
chr19	875455	879936	0	0	1	1	0	4
chr19	877181	879936	0	0	1	21	0	64
chr19	877742	879037	2	2	0	1	0	55
chr19	877816	878151	2	2	0	0	1	13
chr19	877872	878119	2	2	0	0	2	50
chr19	877928	879287	2	2	0	0	1	36
chr19	877928	879935	2	2	0	0	1	53
chr19	878152	879287	2	2	0	0	2	32
chr19	878152	879591	2	2	0	0	2	32
chr19	878208	879287	2	2	0	0	1	67
chr19	878332	879287	2	2	0	0	1	36
chr19	878332	879935	2	2	0	0	1	53
chr19	878530	879287	2	2	0	0	1	36
chr19	878592	879287	2	2	0	0	1	33
chr19	878766	879343	2	2	0	0	1	59
chr19	879512	879935	2	2	0	0	1	53
chr19	879704	879935	2	2	0	0	1	53
chr19	879736	879847	2	2	0	0	1	45
chr19	879792	879935	2	2	0	0	1	53
chr19	880149	881558	0	0	1	19	2	64
chr19	881715	884902	0	0	1	23	1	71
chr19	885009	885769	0	0	1	25	2	74
chr19	885009	889637	0	0	1	1	0	6
chr19	885599	885768	2	2	0	1	0	34
chr19	886202	889637	0	0	1	11	0	69
chr19	886202	890136	0	0	1	2	0	73
chr19	889807	890135	2	2	0	5	0	44
chr19	889808	890136	0	0	1	26	0	72
chr19	890244	893084	2	2	0	2	0	23
chr19	890245	890962	0	0	1	33	0	75
chr19	891150	893085	0	0	1	15	0	72
chr19	891681	892051	2	2	0	0	1	19
chr19	891718	891752	2	2	0	0	1	38
chr19	891718	892051	2	2	0	0	1	19
chr19	891791	892014	2	2	0	0	1	38
chr19	891791	892051	2	2	0	0	1	19
chr19	891828	891902	2	2	0	0	1	37
chr19	891828	892051	2	2	0	0	1	19
chr19	891865	892051	2	2	0	0	1	19
chr19	891903	892014	2	2	0	0	1	56
chr19	891903	892051	2	2	0	0	1	19
chr19	891940	892051	2	2	0	0	1	37
chr19	891978	892051	2	2	0	0	1	19
chr19	892015	892051	2	2	0	0	1	19
chr19	897540	899438	2	2	0	27	0	57
chr19	899496	899600	0	0	1	27	0	75
chr19	899686	900059	2	2	0	1	0	55
chr19	899687	900060	0	0	1	22	0	72
chr19	900147	900828	0	0	1	34	1	74
chr19	900952	901420	2	2	0	1	0	23
chr19	900952	901974	2	2	0	2	0	62
chr19	900953	901421	0	0	1	18	2	75
chr19	901546	901974	2	2	0	13	2	71
chr19	902130	911862	2	2	0	1	0	38
chr19	902130	913085	2	2	0	11	0	37
chr19	902131	902241	0	0	1	2	0	53
chr19	902435	902518	0	0	1	4	0	44
chr19	905143	905619	1	1	0	2	0	43
chr19	906483	912733	2	2	0	1	0	24
chr19	912679	912778	1	1	0	1	0	47
chr19	918668	919488	1	1	0	1	0	28
chr19	918669	919489	0	0	1	5	0	72
chr19	919621	920288	1	1	0	1	0	20
chr19	919621	929260	1	1	0	2	0	20
chr19	919626	919873	0	0	1	6	0	60
chr19	919626	920289	0	0	1	2	0	57
chr19	920107	920289	0	0	1	1	0	45
chr19	925159	929260	1	1	0	2	0	60
chr19	925921	929261	0	0	1	11	0	74
chr19	926060	929261	0	0	1	0	1	3
chr19	926197	929260	1	1	0	3	0	70
chr19	926198	929261	0	0	1	9	1	71
chr19	929897	932417	0	0	1	39	0	75
chr19	932742	960090	1	1	0	24	3	64
chr19	941539	960090	1	1	0	1	0	24
chr19	943971	944102	2	2	0	1	0	60
chr19	959436	960090	1	1	0	1	0	61
chr19	960164	964246	1	1	0	0	1	53
chr19	960165	964247	0	0	1	21	2	74
chr19	964431	964831	1	1	0	35	0	60
chr19	965080	966570	1	1	0	58	2	66
chr19	966868	968403	1	1	0	78	2	75
chr19	968504	971877	0	0	1	61	1	66
chr19	979971	980080	2	2	0	0	1	49
chr19	980026	980080	2	2	0	0	1	49
chr19	984187	985864	0	0	1	1	0	42
chr19	984563	985863	1	1	0	1	6	36
chr19	984564	985864	0	0	1	42	6	75
chr19	985975	989760	1	1	0	0	6	31
chr19	985976	989761	0	0	1	15	7	69
chr19	988935	989292	1	1	0	1	0	38
chr19	989895	990221	1	1	0	46	1	64
chr19	990364	990850	1	1	0	23	0	65
chr19	990364	990914	1	1	0	1	0	65
chr19	990995	991079	1	1	0	25	1	66
chr19	991145	991225	1	1	0	1	6	22
chr19	991146	991226	0	0	1	27	7	66
chr19	991351	991953	1	1	0	3	6	21
chr19	991351	991993	1	1	0	1	0	24
chr19	991352	991954	0	0	1	36	8	72
chr19	992121	994210	1	1	0	1	0	56
chr19	992122	994018	0	0	1	64	2	73
chr19	994087	994210	1	1	0	53	1	71
chr19	1005552	1007625	1	1	0	4	0	50
chr19	1007773	1007854	0	0	1	4	0	49
chr19	1007971	1008138	0	0	1	3	0	57
chr19	1008926	1009170	1	1	0	3	0	65
chr19	1010895	1010989	0	0	1	3	1	39
chr19	1010895	1011094	0	0	1	90	4	68
chr19	1010895	1011365	0	0	1	3	0	26
chr19	1011095	1011365	0	0	1	4	0	69
chr19	1011136	1011364	2	2	0	1	0	41
chr19	1011195	1011365	0	0	1	82	4	75
chr19	1011498	1011577	2	2	0	2	1	27
chr19	1011499	1011578	0	0	1	69	1	74
chr19	1011612	1011739	0	0	1	27	0	57
chr19	1011663	1011739	0	0	1	51	2	57
chr19	1011797	1011889	2	2	0	76	2	63
chr19	1011992	1012064	0	0	1	57	2	73
chr19	1012170	1012460	2	2	0	1	0	23
chr19	1012188	1012461	0	0	1	108	1	73
chr19	1012573	1013239	0	0	1	143	1	75
chr19	1013340	1014190	0	0	1	57	1	71
chr19	1013358	1014190	0	0	1	3	0	6
chr19	1013398	1014189	2	2	0	2	0	59
chr19	1014317	1020770	0	0	1	1	0	32
chr19	1014472	1020769	2	2	0	1	0	34
chr19	1014473	1020770	0	0	1	59	2	71
chr19	1026723	1031068	1	1	0	76	3	75
chr19	1026724	1026975	0	0	1	2	0	18
chr19	1027073	1031068	1	1	0	2	0	27
chr19	1029161	1029239	1	1	0	0	1	63
chr19	1029161	1029398	1	1	0	0	1	63
chr19	1029161	1029478	1	1	0	0	1	63
chr19	1029320	1029398	1	1	0	0	1	63
chr19	1029320	1029478	1	1	0	0	1	63
chr19	1029326	1029364	1	1	0	0	1	57
chr19	1029439	1029478	1	1	0	1	0	55
chr19	1031191	1032389	1	1	0	134	3	67
chr19	1032457	1032556	1	1	0	175	5	70
chr19	1032457	1032560	1	1	0	1	0	70
chr19	1032457	1036127	1	1	0	2	0	64
chr19	1032663	1036128	0	0	1	1	0	58
chr19	1032668	1036127	1	1	0	5	0	57
chr19	1032695	1036413	1	1	0	5	0	43
chr19	1032696	1036128	0	0	1	166	2	74
chr19	1036245	1036413	1	1	0	210	6	75
chr19	1036562	1037623	0	0	1	150	3	75
chr19	1037000	1037623	0	0	1	3	2	74
chr19	1038461	1038579	2	4	0	1	0	48
chr19	1041262	1041352	1	1	0	1	0	31
chr19	1041426	1041507	1	1	0	1	0	65
chr19	1041427	1041508	0	0	1	24	0	70
chr19	1041603	1041829	0	0	1	13	0	60
chr19	1041972	1042062	0	0	1	13	0	67
chr19	1042175	1042312	1	1	0	11	0	62
chr19	1042175	1042317	1	1	0	1	0	63
chr19	1042825	1043038	1	1	0	11	0	67
chr19	1043251	1043332	0	0	1	34	0	68
chr19	1043473	1043723	0	0	1	22	1	74
chr19	1043840	1044574	1	1	0	10	0	74
chr19	1044743	1044999	1	1	0	15	2	70
chr19	1045231	1046228	0	0	1	20	5	73
chr19	1045619	1046228	0	0	1	0	4	7
chr19	1046406	1046800	0	0	1	11	0	60
chr19	1047023	1047154	1	1	0	6	0	47
chr19	1047377	1047450	1	1	0	9	0	63
chr19	1047654	1048893	0	0	1	12	0	73
chr19	1049004	1049263	1	1	0	7	0	73
chr19	1049436	1051152	1	1	0	2	0	63
chr19	1049437	1050919	0	0	1	14	2	50
chr19	1049474	1049700	2	2	0	1	0	23
chr19	1051052	1051153	0	0	1	10	1	70
chr19	1051294	1051447	0	0	1	11	0	46
chr19	1051586	1051940	0	0	1	3	0	50
chr19	1052125	1052211	1	1	0	0	11	69
chr19	1052125	1053326	1	1	0	1	0	29
chr19	1052126	1052212	0	0	1	21	12	75
chr19	1052285	1053326	1	1	0	1	12	72
chr19	1052286	1053327	0	0	1	6	12	74
chr19	1053530	1053785	1	1	0	12	0	49
chr19	1053835	1054003	1	1	0	26	2	51
chr19	1054109	1054190	1	1	0	10	0	63
chr19	1054340	1054567	1	1	0	9	2	75
chr19	1054340	1054777	1	1	0	1	0	31
chr19	1054693	1054777	1	1	0	16	0	73
chr19	1054878	1055095	0	0	1	13	0	75
chr19	1055350	1055904	1	1	0	9	0	34
chr19	1055938	1056063	1	1	0	9	0	39
chr19	1055939	1056064	0	0	1	6	0	35
chr19	1056242	1056327	1	1	0	8	0	53
chr19	1056499	1056905	0	0	1	18	1	72
chr19	1057083	1057311	1	1	0	19	0	70
chr19	1057428	1057912	1	1	0	11	0	64
chr19	1057428	1058615	1	1	0	2	0	67
chr19	1058058	1058143	1	1	0	13	0	74
chr19	1058268	1058615	1	1	0	1	0	17
chr19	1058269	1058616	0	0	1	18	0	75
chr19	1058747	1058818	0	0	1	20	0	62
chr19	1058939	1059020	1	1	0	1	0	13
chr19	1058940	1059021	0	0	1	15	0	62
chr19	1059079	1061965	1	1	0	1	0	22
chr19	1059084	1061779	1	1	0	8	1	63
chr19	1061887	1062169	1	1	0	18	1	62
chr19	1062312	1063541	1	1	0	9	0	55
chr19	1062312	1063587	1	1	0	4	0	71
chr19	1062312	1063599	1	1	0	1	0	17
chr19	1063677	1064158	1	1	0	1	0	50
chr19	1063678	1063758	0	0	1	24	0	73
chr19	1063862	1064158	1	1	0	11	0	67
chr19	1063898	1064158	1	1	0	1	0	59
chr19	1064252	1064928	1	1	0	17	0	71
chr19	1065171	1065268	0	0	1	10	0	39
chr19	1065171	1065289	0	0	1	1	0	31
chr19	1066163	1068412	0	0	1	2	0	20
chr19	1067494	1073146	1	1	0	1	0	14
chr19	1067495	1068412	0	0	1	21	0	71
chr19	1068743	1073143	1	1	0	1	1	42
chr19	1068743	1073146	1	1	0	42	3	74
chr19	1073291	1073503	1	1	0	47	0	73
chr19	1073589	1073671	1	1	0	46	0	73
chr19	1073745	1073945	1	1	0	47	4	68
chr19	1074014	1074102	0	0	1	56	4	69
chr19	1074240	1074340	1	1	0	38	1	65
chr19	1074406	1074611	1	1	0	26	6	66
chr19	1074723	1074796	1	1	0	11	6	56
chr19	1074878	1077854	1	1	0	22	0	64
chr19	1075157	1077854	1	1	0	1	0	19
chr19	1078045	1079701	0	0	1	39	0	71
chr19	1079840	1079926	0	0	1	39	1	72
chr19	1080118	1080253	0	0	1	49	1	74
chr19	1080378	1080461	1	1	0	39	0	74
chr19	1080378	1080679	1	1	0	1	0	66
chr19	1080547	1080680	0	0	1	32	1	75
chr19	1080785	1080889	1	1	0	25	2	74
chr19	1081063	1081547	1	1	0	12	0	72
chr19	1081738	1081822	0	0	1	68	0	75
chr19	1081960	1082837	1	1	0	12	0	68
chr19	1083066	1083141	0	0	1	20	0	75
chr19	1083352	1083923	1	1	0	0	1	15
chr19	1083353	1084236	0	0	1	27	0	74
chr19	1084019	1084235	1	1	0	1	0	59
chr19	1084345	1085657	1	1	0	29	0	71
chr19	1088484	1111743	2	2	0	1	0	12
chr19	1088720	1089470	0	0	1	204	2	75
chr19	1089550	1089881	2	2	0	2	0	31
chr19	1089551	1089882	0	0	1	68	0	74
chr19	1089961	1090084	2	2	0	41	1	60
chr19	1090141	1090906	0	0	1	1	0	3
chr19	1090145	1090906	0	0	1	51	1	60
chr19	1090988	1091790	0	0	1	112	4	74
chr19	1091907	1093902	0	0	1	96	2	75
chr19	1091907	1095257	0	0	1	1	0	40
chr19	1094078	1095257	0	0	1	78	1	74
chr19	1104126	1105183	1	1	0	64	0	70
chr19	1104928	1105183	1	1	0	2	0	61
chr19	1105279	1105363	1	1	0	3	0	64
chr19	1105280	1105364	0	0	1	426	18	75
chr19	1105510	1105656	0	0	1	394	7	53
chr19	1105808	1106239	1	1	0	378	9	25
chr19	1105808	1106397	1	1	0	5	0	50
chr19	1105809	1106179	0	0	1	2	0	73
chr19	1106265	1106375	1	1	0	2	0	25
chr19	1106265	1106397	1	1	0	166	5	61
chr19	1106266	1106398	0	0	1	3	0	13
chr19	1106458	1106537	1	1	0	4	1	59
chr19	1106458	1106570	1	1	0	1	0	57
chr19	1106459	1106538	0	0	1	317	5	69
chr19	1108704	1108777	0	0	1	14	0	73
chr19	1108968	1109132	2	2	0	0	9	44
chr19	1108969	1109133	0	0	1	35	9	74
chr19	1109210	1109289	2	2	0	1	10	70
chr19	1109210	1109503	2	2	0	1	0	33
chr19	1109211	1109290	0	0	1	9	10	62
chr19	1109422	1109503	2	2	0	2	1	23
chr19	1109423	1109504	0	0	1	35	1	75
chr19	1109598	1109681	0	0	1	23	0	53
chr19	1109777	1110743	0	0	1	14	1	57
chr19	1110888	1111017	0	0	1	17	0	74
chr19	1111093	1111504	0	0	1	23	2	65
chr19	1111614	1111994	0	0	1	31	3	72
chr19	1112066	1112186	2	2	0	1	5	31
chr19	1112067	1112187	0	0	1	18	5	72
chr19	1112300	1112399	2	2	0	0	5	25
chr19	1112301	1112400	0	0	1	36	7	61
chr19	1112537	1112816	0	0	1	12	0	74
chr19	1112949	1113533	0	0	1	11	1	56
chr19	1113704	1114229	0	0	1	22	1	75
chr19	1114421	1116018	2	2	0	23	1	75
chr19	1116102	1116826	2	2	0	25	0	68
chr19	1116926	1117321	0	0	1	5	0	57
chr19	1117499	1119009	0	0	1	37	2	73
chr19	1119163	1119513	2	2	0	0	6	32
chr19	1119164	1119514	0	0	1	35	7	74
chr19	1119620	1119903	2	2	0	2	6	40
chr19	1119621	1119904	0	0	1	28	6	73
chr19	1120022	1122136	2	2	0	18	0	55
chr19	1122282	1122466	0	0	1	11	1	53
chr19	1122557	1122658	2	2	0	1	0	35
chr19	1122558	1122656	0	0	1	28	1	67
chr19	1122791	1122892	0	0	1	39	2	70
chr19	1123044	1123531	2	2	0	33	3	67
chr19	1123638	1123939	2	2	0	1	0	49
chr19	1123639	1123940	0	0	1	32	0	68
chr19	1124022	1127602	0	0	1	50	0	71
chr19	1127765	1132088	0	0	1	2	0	28
chr19	1127765	1147307	0	0	1	43	0	74
chr19	1147420	1149367	0	0	1	45	0	74
chr19	1149442	1154182	0	0	1	60	1	73
chr19	1154402	1168692	0	0	1	3	0	71
chr19	1154402	1174170	0	0	1	8	0	71
chr19	1164555	1164612	1	1	0	1	0	46
chr19	1164555	1164726	1	1	0	1	0	19
chr19	1164555	1164744	1	1	0	0	1	39
chr19	1165817	1166022	2	2	0	0	1	21
chr19	1165895	1166022	2	2	0	0	1	21
chr19	1173134	1174557	1	1	0	2	0	74
chr19	1207202	1216265	1	1	0	1	0	47
chr19	1207203	1218415	0	0	1	57	0	75
chr19	1216398	1218415	0	0	1	2	0	13
chr19	1218500	1219322	0	0	1	2	0	70
chr19	1219412	1220578	1	1	0	3	0	51
chr19	1219413	1220371	0	0	1	28	1	75
chr19	1220504	1220578	1	1	0	2	1	53
chr19	1220505	1220579	0	0	1	45	5	61
chr19	1220716	1221210	1	1	0	47	2	72
chr19	1221339	1221693	1	1	0	1	0	39
chr19	1221340	1221947	0	0	1	47	3	57
chr19	1221845	1221946	1	1	0	1	0	26
chr19	1222005	1222982	1	1	0	43	2	60
chr19	1223172	1223636	0	0	1	2	0	58
chr19	1223172	1226452	0	0	1	27	0	75
chr19	1223172	1226457	0	0	1	1	0	33
chr19	1226662	1227590	1	1	0	47	8	74
chr19	1231275	1233424	0	0	1	6	0	69
chr19	1233636	1234189	0	0	1	2	0	29
chr19	1234290	1234569	0	0	1	4	0	61
chr19	1234742	1234999	0	0	1	7	0	69
chr19	1235565	1235777	0	0	1	1	0	18
chr19	1235918	1235994	0	0	1	3	0	41
chr19	1241991	1242454	0	0	1	260	10	75
chr19	1242357	1242453	1	1	0	1	0	31
chr19	1242608	1244094	1	1	0	111	1	74
chr19	1244185	1244313	0	0	1	160	8	75
chr19	1244439	1244688	1	1	0	1	0	70
chr19	1244439	1244734	1	1	0	96	2	75
chr19	1244490	1244734	1	1	0	1	0	26
chr19	1248659	1249887	1	1	0	7	0	65
chr19	1250528	1251559	1	1	0	40	8	73
chr19	1250528	1251836	1	1	0	3	0	13
chr19	1250532	1251559	1	1	0	1	0	16
chr19	1251648	1251836	1	1	0	55	6	64
chr19	1251900	1253951	1	1	0	9	1	48
chr19	1251901	1254165	0	0	1	35	1	65
chr19	1254082	1254165	0	0	1	15	1	75
chr19	1254477	1254899	1	1	0	164	4	74
chr19	1254477	1254902	1	1	0	26	1	74
chr19	1255060	1255419	1	1	0	1	0	45
chr19	1255060	1255487	1	1	0	1	0	34
chr19	1255061	1255420	0	0	1	97	4	72
chr19	1255694	1256993	0	0	1	92	4	74
chr19	1261640	1264250	1	1	0	1	0	20
chr19	1268390	1269823	0	0	1	1	0	66
chr19	1269410	1270926	0	0	1	7	1	56
chr19	1270262	1270925	1	1	0	1	0	30
chr19	1271035	1271137	1	1	0	48	0	68
chr19	1271245	1271326	1	1	0	134	0	74
chr19	1271466	1271548	1	1	0	12	0	72
chr19	1271466	1271978	1	1	0	2	1	36
chr19	1271467	1271549	0	0	1	155	6	74
chr19	1271631	1271978	1	1	0	91	8	74
chr19	1271631	1272424	1	1	0	1	0	46
chr19	1272044	1274588	1	1	0	2	0	56
chr19	1272050	1272424	1	1	0	75	3	74
chr19	1272050	1273486	1	1	0	0	3	55
chr19	1272050	1273491	1	1	0	4	0	35
chr19	1272051	1274305	0	0	1	13	1	74
chr19	1273715	1274305	0	0	1	6	0	61
chr19	1274440	1274647	0	0	1	5	0	69
chr19	1275830	1277181	0	0	1	16	0	73
chr19	1276103	1277181	0	0	1	5	0	63
chr19	1276673	1277181	0	0	1	1	0	58
chr19	1277298	1278774	1	1	0	68	1	72
chr19	1286308	1295543	0	0	1	2	0	39
chr19	1295857	1298548	1	1	0	11	0	66
chr19	1298615	1299821	1	1	0	7	0	42
chr19	1300398	1300481	0	0	0	3	0	38
chr19	1335704	1344080	2	4	0	1	0	39
chr19	1355135	1356322	0	0	1	6	0	57
chr19	1356449	1357007	0	0	1	11	0	74
chr19	1357093	1358391	1	1	0	5	0	67
chr19	1358463	1360133	1	1	0	6	0	71
chr19	1358464	1358586	0	0	1	4	0	65
chr19	1358699	1360133	1	1	0	3	0	73
chr19	1360257	1360625	1	1	0	1	0	75
chr19	1361031	1362247	1	1	0	15	0	69
chr19	1362350	1364506	1	1	0	11	0	65
chr19	1362350	1369262	1	1	0	1	0	18
chr19	1364579	1366303	0	0	1	15	0	71
chr19	1366380	1367157	1	1	0	5	0	58
chr19	1367219	1369262	1	1	0	13	0	61
chr19	1368862	1368904	2	2	0	2	1	75
chr19	1368905	1368990	2	2	0	0	1	33
chr19	1369340	1369594	0	0	1	28	2	51
chr19	1369646	1370640	0	0	1	21	2	51
chr19	1371077	1373069	1	1	0	1	6	45
chr19	1371078	1373070	0	0	1	6	7	52
chr19	1371464	1373069	1	1	0	0	1	66
chr19	1371851	1406263	1	1	0	1	0	15
chr19	1373159	1376516	1	1	0	0	6	51
chr19	1373160	1376517	0	0	1	4	6	50
chr19	1376401	1390146	2	2	0	1	0	50
chr19	1383941	1387808	1	1	0	8	0	37
chr19	1387846	1388522	1	1	0	19	0	40
chr19	1388592	1388830	1	1	0	59	1	69
chr19	1388937	1390868	1	1	0	87	0	72
chr19	1391050	1391117	0	0	1	82	2	46
chr19	1391164	1393239	1	1	0	48	3	46
chr19	1393329	1394415	1	1	0	1	0	23
chr19	1393329	1395215	1	1	0	1	0	73
chr19	1393329	1395388	1	1	0	1	0	64
chr19	1393330	1395389	0	0	1	63	2	75
chr19	1393606	1393886	0	0	1	3	0	73
chr19	1394357	1394802	0	0	1	1	0	13
chr19	1397499	1398914	0	0	1	15	1	57
chr19	1398227	1398913	2	2	0	1	0	46
chr19	1399026	1399126	0	0	1	70	21	66
chr19	1399194	1399514	2	2	0	1	0	57
chr19	1399194	1399521	2	2	0	2	76	65
chr19	1399194	1399746	2	2	0	1	0	35
chr19	1399195	1399522	0	0	1	57	76	65
chr19	1399586	1399790	2	2	0	14	76	63
chr19	1399587	1399791	0	0	1	6	76	61
chr19	1399938	1401294	0	0	1	37	2	71
chr19	1407801	1409895	1	1	0	1	1	15
chr19	1407801	1422345	1	1	0	1	0	50
chr19	1407802	1417498	0	0	1	90	3	40
chr19	1409375	1409895	1	1	0	1	0	15
chr19	1410078	1416454	1	1	0	2	0	55
chr19	1410079	1417498	0	0	1	3	0	40
chr19	1414933	1454675	2	2	0	1	0	25
chr19	1416702	1417497	1	1	0	7	0	41
chr19	1417539	1418201	1	1	0	90	1	41
chr19	1418369	1418663	1	1	0	234	5	66
chr19	1418730	1421145	1	1	0	160	9	66
chr19	1418730	1421148	1	1	0	58	2	66
chr19	1420422	1421148	1	1	0	1	0	47
chr19	1421257	1422345	1	1	0	2	34	50
chr19	1421258	1422346	0	0	1	107	36	71
chr19	1422395	1423417	1	1	0	3	0	36
chr19	1422395	1425875	1	1	0	8	32	48
chr19	1422395	1428839	1	1	0	0	3	48
chr19	1422396	1425876	0	0	1	21	32	50
chr19	1422396	1428840	0	0	1	3	3	50
chr19	1423454	1425875	1	1	0	1	0	36
chr19	1425960	1428840	0	0	1	98	5	74
chr19	1427888	1428839	1	1	0	1	0	47
chr19	1428994	1429832	1	1	0	1	0	39
chr19	1428994	1429964	1	1	0	9	180	31
chr19	1428994	1430219	1	1	0	1	0	53
chr19	1428995	1429965	0	0	1	88	182	31
chr19	1429995	1430219	1	1	0	5	180	29
chr19	1429996	1430220	0	0	1	13	180	51
chr19	1430362	1432512	0	0	1	304	14	75
chr19	1432680	1434734	1	1	0	5	0	68
chr19	1432680	1434737	1	1	0	3	0	60
chr19	1432689	1434734	1	1	0	224	4	74
chr19	1432690	1434738	0	0	1	59	0	75
chr19	1433826	1434734	1	1	0	1	0	62
chr19	1438427	1438808	1	1	0	2	0	54
chr19	1438428	1438805	0	0	1	70	3	46
chr19	1438579	1438808	1	1	0	1	0	32
chr19	1438580	1438805	0	0	1	1	1	66
chr19	1438891	1440016	1	1	0	373	11	75
chr19	1438891	1440023	1	1	0	7	0	68
chr19	1440252	1440346	1	1	0	1062	34	74
chr19	1453611	1455147	0	0	1	1	0	63
chr19	1455539	1456053	2	4	0	2	0	43
chr19	1456404	1456851	0	0	1	2	0	64
chr19	1460320	1460778	0	0	1	1	0	34
chr19	1460856	1461034	1	1	0	0	1	12
chr19	1460857	1461035	0	0	1	0	1	13
chr19	1461152	1461960	1	1	0	0	1	22
chr19	1461153	1461961	0	0	1	0	1	21
chr19	1461824	1478772	0	0	1	5	1	45
chr19	1475258	1478772	0	0	1	5	0	47
chr19	1478905	1479112	0	0	1	1	0	4
chr19	1478905	1479161	0	0	1	5	0	74
chr19	1482207	1482400	0	0	1	1	0	4
chr19	1482475	1482894	0	0	1	2	0	11
chr19	1483020	1483282	0	0	1	6	0	46
chr19	1483462	1483647	2	2	0	2	0	13
chr19	1483767	1483836	0	0	1	3	0	71
chr19	1484126	1486850	2	2	0	1	0	34
chr19	1484319	1486850	2	2	0	1	0	35
chr19	1486973	1487139	0	0	1	1	0	9
chr19	1487065	1487139	0	0	1	2	0	67
chr19	1487860	1487961	2	2	0	1	0	49
chr19	1488092	1488186	0	0	1	4	0	46
chr19	1488280	1489791	0	0	1	5	0	68
chr19	1489897	1490156	0	0	1	4	0	64
chr19	1491384	1495292	0	0	1	3	0	57
chr19	1495386	1495466	1	1	0	3	0	36
chr19	1495606	1496282	1	1	0	5	0	44
chr19	1495606	1496314	1	1	0	1	0	42
chr19	1496452	1497171	1	1	0	16	0	61
chr19	1506316	1506588	0	0	1	6	0	33
chr19	1506661	1506737	0	0	1	2	0	39
chr19	1506928	1507240	0	0	1	1	0	50
chr19	1507405	1507555	0	0	1	7	0	49
chr19	1507643	1507996	0	0	1	8	0	69
chr19	1508108	1510147	2	2	0	3	0	40
chr19	1508570	1510148	0	0	1	2	0	53
chr19	1510257	1510365	2	2	0	6	0	59
chr19	1510427	1510636	2	2	0	1	0	36
chr19	1510428	1510637	0	0	1	1	0	11
chr19	1510733	1510843	0	0	1	3	0	41
chr19	1510916	1511073	2	2	0	1	0	65
chr19	1525710	1526483	1	1	0	1	0	75
chr19	1528428	1528896	0	0	1	1	0	29
chr19	1528973	1529403	1	1	0	1	0	46
chr19	1556923	1567462	0	0	1	21	0	73
chr19	1578155	1578332	2	2	0	1	0	55
chr19	1578158	1578333	0	0	1	95	4	74
chr19	1578533	1581089	2	2	0	6	0	75
chr19	1578533	1582619	2	2	0	0	1	61
chr19	1578538	1581090	0	0	1	43	1	75
chr19	1581268	1582619	2	2	0	1	0	41
chr19	1581269	1582620	0	0	1	53	1	75
chr19	1582712	1583251	0	0	1	1	0	6
chr19	1582712	1584538	0	0	1	21	0	68
chr19	1584677	1585053	0	0	1	113	3	75
chr19	1585214	1585903	0	0	1	1	0	38
chr19	1585214	1592520	0	0	1	10	0	75
chr19	1585214	1592616	0	0	1	4	0	30
chr19	1585214	1599410	0	0	1	1	0	38
chr19	1586155	1586285	2	2	0	0	1	34
chr19	1598214	1599409	2	2	0	2	0	67
chr19	1598215	1599410	0	0	1	142	1	74
chr19	1598326	1599410	0	0	1	3	0	6
chr19	1599559	1599985	2	2	0	1	0	62
chr19	1599559	1605357	2	2	0	1	0	51
chr19	1599560	1602035	0	0	1	1	0	43
chr19	1599560	1605358	0	0	1	120	2	75
chr19	1610500	1611702	0	0	1	4	0	68
chr19	1610581	1611701	2	2	0	3	0	21
chr19	1611369	1611702	0	0	1	44	1	75
chr19	1611849	1612205	0	0	1	37	2	74
chr19	1611849	1615283	0	0	1	34	1	75
chr19	1611869	1615683	2	2	0	1	0	40
chr19	1612429	1615421	2	2	0	1	0	32
chr19	1612430	1615684	0	0	1	12	0	73
chr19	1612433	1615283	0	0	1	4	0	64
chr19	1612433	1615684	0	0	1	70	0	75
chr19	1612474	1615282	2	2	0	1	0	18
chr19	1615520	1615684	0	0	1	23	0	72
chr19	1615820	1619108	2	2	0	1	2	23
chr19	1615820	1625573	2	2	0	1	0	46
chr19	1615821	1619109	0	0	1	63	3	73
chr19	1619233	1619313	2	2	0	1	1	23
chr19	1619233	1619777	2	2	0	0	2	31
chr19	1619234	1619314	0	0	1	89	4	75
chr19	1619234	1619778	0	0	1	1	3	43
chr19	1619470	1619777	2	2	0	8	0	75
chr19	1619474	1619778	0	0	1	81	3	75
chr19	1619852	1620965	2	2	0	2	2	63
chr19	1619853	1620966	0	0	1	75	2	75
chr19	1621046	1621131	0	0	1	133	4	59
chr19	1621190	1621835	2	2	0	2	0	58
chr19	1621191	1621836	0	0	1	151	7	60
chr19	1621285	1621835	2	2	0	1	0	73
chr19	1621969	1622051	2	2	0	1	0	15
chr19	1621970	1622052	0	0	1	46	0	61
chr19	1622223	1622311	0	0	1	56	1	74
chr19	1622414	1623948	2	2	0	4	0	51
chr19	1622415	1623949	0	0	1	96	3	50
chr19	1624000	1625574	0	0	1	105	7	51
chr19	1625707	1627356	2	2	0	7	25	63
chr19	1625708	1627357	0	0	1	66	25	70
chr19	1627425	1632035	2	2	0	2	22	67
chr19	1627425	1646352	2	2	0	0	3	66
chr19	1627426	1631949	0	0	1	10	0	46
chr19	1627426	1632036	0	0	1	35	25	69
chr19	1627426	1646353	0	0	1	2	3	65
chr19	1632116	1632330	0	0	1	39	3	56
chr19	1632404	1646352	2	2	0	1	0	42
chr19	1632405	1646353	0	0	1	30	0	46
chr19	1637207	1637238	2	2	0	1	0	72
chr19	1646427	1650175	0	0	1	69	1	75
chr19	1650286	1652297	2	2	0	1	0	25
chr19	1650287	1652298	0	0	1	30	0	62
chr19	1650289	1652297	2	2	0	6	0	64
chr19	1659312	1661432	2	2	0	2	0	38
chr19	1726170	1726665	2	2	0	1	0	54
chr19	1739048	1740183	2	2	0	1	0	16
chr19	1748341	1748511	0	0	1	1	0	18
chr19	1783270	1784817	0	0	1	1	0	47
chr19	1785297	1785467	0	0	1	1	0	53
chr19	1798205	1825709	1	1	0	1	0	29
chr19	1800154	1800256	2	2	0	7	1	75
chr19	1800449	1801954	0	0	1	2	0	50
chr19	1802044	1802485	0	0	1	2	0	32
chr19	1802645	1805372	0	0	1	3	0	73
chr19	1805456	1805886	0	0	1	5	0	71
chr19	1805957	1806094	2	2	0	5	0	68
chr19	1806169	1806626	0	0	1	2	0	9
chr19	1806688	1807165	2	2	0	2	0	39
chr19	1806689	1807166	0	0	1	5	0	40
chr19	1807266	1808220	0	0	1	7	0	53
chr19	1808335	1809641	0	0	1	1	0	56
chr19	1809734	1810620	0	0	1	3	0	37
chr19	1810683	1811487	0	0	1	2	0	52
chr19	1811884	1812184	0	0	1	5	0	75
chr19	1816154	1816223	0	0	1	15	1	71
chr19	1816344	1816428	2	2	0	1	0	23
chr19	1816345	1816429	0	0	1	17	0	75
chr19	1816569	1816696	0	0	1	19	0	60
chr19	1816813	1817217	0	0	1	13	0	66
chr19	1817329	1817705	0	0	1	19	0	69
chr19	1817780	1818480	0	0	1	16	0	71
chr19	1818594	1818703	2	2	0	8	1	74
chr19	1818843	1819016	0	0	1	7	1	54
chr19	1819130	1819931	2	2	0	19	1	73
chr19	1820057	1820262	0	0	1	16	1	59
chr19	1820395	1821517	0	0	1	34	0	73
chr19	1821682	1823570	0	0	1	27	2	73
chr19	1823785	1825837	0	0	1	1	0	52
chr19	1823927	1825836	2	2	0	1	0	27
chr19	1825943	1826876	0	0	1	5	0	67
chr19	1828630	1863038	2	2	0	1	0	53
chr19	1828631	1848200	0	0	1	1	0	11
chr19	1854760	1863039	0	0	1	55	1	73
chr19	1877424	1877505	2	2	0	21	4	72
chr19	1877687	1879919	0	0	1	20	0	74
chr19	1880115	1881233	0	0	1	62	3	75
chr19	1881804	1885350	0	0	1	3	0	11
chr19	1905439	1914977	0	0	1	2	0	47
chr19	1915025	1917691	1	1	0	4	0	53
chr19	1917821	1918124	1	1	0	13	3	72
chr19	1918282	1918886	1	1	0	16	0	73
chr19	1918282	1923067	1	1	0	1	0	73
chr19	1918989	1923067	1	1	0	11	0	74
chr19	1921008	1923067	1	1	0	1	0	33
chr19	1922432	1925294	2	2	0	1	0	41
chr19	1923187	1924106	0	0	1	17	0	72
chr19	1925911	1925911	0	0	1	4	0	59
chr19	1941417	1969505	1	1	0	2	0	32
chr19	1959550	1959625	2	2	0	1	0	62
chr19	1959550	1959777	2	2	0	0	1	14
chr19	1959626	1959853	2	2	0	1	0	62
chr19	1959664	1959777	2	2	0	0	1	40
chr19	1959731	1959806	2	2	0	1	0	33
chr19	1959740	1959777	2	2	0	0	1	14
chr19	1967901	1968238	1	1	0	0	1	35
chr19	1969958	1978302	1	1	0	2	22	42
chr19	1969959	1978303	0	0	1	11	22	51
chr19	1976113	1978302	1	1	0	1	0	42
chr19	1978344	1978439	1	1	0	2	22	40
chr19	1978345	1978440	0	0	1	12	22	42
chr19	1978510	1978599	1	1	0	28	4	70
chr19	1978749	1978856	1	1	0	26	2	71
chr19	1979092	1979160	1	1	0	37	3	75
chr19	1979092	1979165	1	1	0	2	0	23
chr19	1979248	1979317	0	0	1	38	2	72
chr19	1979402	1979492	1	1	0	8	1	59
chr19	1979617	1979749	1	1	0	2	0	71
chr19	1979642	1979749	1	1	0	38	0	75
chr19	1979660	2014423	1	1	0	0	1	15
chr19	1979834	1979908	1	1	0	1	0	24
chr19	1979835	1979909	0	0	1	39	2	74
chr19	1980016	1980146	1	1	0	73	1	75
chr19	1980390	1981711	1	1	0	1	0	62
chr19	1986648	1986827	2	2	0	1	0	20
chr19	1986649	1986828	0	0	1	57	3	75
chr19	1986976	1987164	0	0	1	39	1	75
chr19	1987252	1987497	2	2	0	1	0	55
chr19	1987253	1987498	0	0	1	31	1	74
chr19	1987692	1990002	0	0	1	11	1	55
chr19	1988493	1988583	1	1	0	1	0	22
chr19	1990201	1990715	0	0	1	39	3	74
chr19	1990797	1993017	2	2	0	2	0	41
chr19	1990822	1993018	0	0	1	34	3	75
chr19	1992055	1993017	2	2	0	2	0	47
chr19	1993175	1997341	2	2	0	41	1	62
chr19	1997463	2015295	0	0	1	27	0	74
chr19	2013879	2015294	2	2	0	1	0	66
chr19	2955941	2970798	2	2	0	1	0	16
