chr19	61895	66345	0	0	1	1	0	47
chr19	65227	66345	0	0	1	1	0	9
chr19	66048	66345	0	0	1	1	0	59
chr19	191354	195502	2	2	0	1	0	50
chr19	198401	199222	2	2	0	0	1	19
chr19	198498	199222	2	2	0	0	1	19
chr19	198498	200389	2	2	0	0	2	67
chr19	198595	199222	2	2	0	0	1	19
chr19	198692	199222	2	2	0	0	1	19
chr19	198789	199222	2	2	0	0	1	19
chr19	198789	200389	2	2	0	0	2	67
chr19	198886	199222	2	2	0	0	1	19
chr19	198983	199222	2	2	0	0	1	19
chr19	199080	199222	2	2	0	0	1	19
chr19	199080	200389	2	2	0	0	2	67
chr19	199129	199368	2	2	0	0	2	48
chr19	199129	199465	2	2	0	0	2	48
chr19	199129	199806	2	2	0	0	1	48
chr19	199272	199659	2	2	0	1	0	72
chr19	199272	200097	2	2	0	0	1	49
chr19	199417	200389	2	2	0	0	2	67
chr19	199514	200389	2	2	0	0	2	67
chr19	199611	200389	2	2	0	0	2	67
chr19	199855	200389	2	2	0	0	2	67
chr19	200049	200389	2	2	0	0	2	67
chr19	200243	200389	2	2	0	0	2	67
chr19	201662	201754	2	2	0	7	2	58
chr19	201662	205168	2	2	0	10	15	64
chr19	201813	203873	2	2	0	5	0	52
chr19	204065	205168	2	2	0	6	1	62
chr19	204065	208325	2	2	0	2	0	33
chr19	204069	204842	2	2	0	1	0	59
chr19	205076	205168	2	2	0	5	14	58
chr19	205227	205453	2	2	0	2	0	41
chr19	205227	208325	2	2	0	0	6	52
chr19	205227	221139	2	2	0	0	3	24
chr19	208391	209234	2	2	0	3	1	61
chr19	214451	221139	2	2	0	1	0	65
chr19	218917	221139	2	2	0	3	0	60
chr19	221205	223965	2	2	0	1	0	31
chr19	221205	229634	2	2	0	2	0	65
chr19	224048	229634	2	2	0	4	0	71
chr19	233542	234424	2	2	0	3	0	64
chr19	234641	237934	2	2	0	1	0	13
chr19	238067	239128	2	2	0	1	0	72
chr19	239239	246395	2	2	0	1	0	28
chr19	281537	282132	2	2	0	10	1	57
chr19	282311	282751	0	0	1	12	0	73
chr19	282810	287473	0	0	1	13	0	58
chr19	287751	288018	2	2	0	12	1	69
chr19	288172	291284	0	0	1	4	0	75
chr19	290942	314214	1	1	0	0	1	12
chr19	302846	303358	2	2	0	0	2	55
chr19	303071	303358	2	2	0	0	2	55
chr19	303977	304045	2	2	0	1	0	61
chr19	306711	307117	2	2	0	4	0	67
chr19	307537	308576	0	0	1	8	0	73
chr19	308665	308799	2	2	0	16	0	65
chr19	308665	308820	2	2	0	3	0	55
chr19	308925	311843	2	2	0	1	0	20
chr19	308926	311844	0	0	1	7	0	61
chr19	311940	312190	0	0	1	13	0	71
chr19	312273	313491	0	0	1	10	0	64
chr19	313643	325633	2	2	0	6	0	42
chr19	325704	326505	2	2	0	1	0	33
chr19	325705	326506	0	0	1	6	0	71
chr19	326598	326764	2	2	0	1	0	73
chr19	326598	327131	2	2	0	5	1	64
chr19	327256	327862	2	2	0	14	0	70
chr19	327990	334399	0	0	1	6	0	71
chr19	330381	334399	0	0	1	1	0	48
chr19	334543	336082	0	0	1	3	0	73
chr19	336174	344773	0	0	1	2	0	15
chr19	367225	371204	0	0	1	1	0	39
chr19	393194	580670	1	1	0	0	3	15
chr19	417322	418921	2	2	0	1	0	25
chr19	417323	418922	0	0	1	11	0	62
chr19	419057	422145	0	0	1	9	0	72
chr19	422373	425095	2	2	0	1	0	72
chr19	422456	425095	2	2	0	8	0	61
chr19	425232	430683	0	0	1	6	0	64
chr19	430748	434708	0	0	1	7	0	64
chr19	434865	436163	2	2	0	1	0	16
chr19	434866	436164	0	0	1	6	0	75
chr19	436292	436379	0	0	1	10	1	52
chr19	436431	436628	2	2	0	1	4	51
chr19	436432	436629	0	0	1	1	4	52
chr19	436683	438716	2	2	0	1	8	44
chr19	436684	438717	0	0	1	7	9	57
chr19	438837	438968	2	2	0	1	4	18
chr19	438838	438969	0	0	1	3	4	56
chr19	439030	440860	2	2	0	1	0	60
chr19	439031	440861	0	0	1	4	0	50
chr19	440683	440860	2	2	0	1	0	54
chr19	440932	441083	2	2	0	1	0	55
chr19	440933	460528	0	0	1	6	0	71
chr19	490039	501667	1	1	0	1	0	38
chr19	507845	518888	0	0	1	7	0	72
chr19	532109	535836	0	0	1	129	4	74
chr19	534525	534832	2	2	0	2	0	68
chr19	534657	534877	2	2	0	0	1	34
chr19	534701	534877	2	2	0	0	1	34
chr19	534745	534877	2	2	0	0	1	34
chr19	534789	534877	2	2	0	0	1	34
chr19	534833	534877	2	2	0	0	1	34
chr19	535923	536241	1	1	0	93	2	72
chr19	536340	537011	1	1	0	1	1	49
chr19	536341	537012	0	0	1	118	3	75
chr19	537147	541337	1	1	0	9	2	68
chr19	537147	541341	1	1	0	9	0	68
chr19	537148	541338	0	0	1	153	4	75
chr19	537148	541345	0	0	1	5	0	49
chr19	539965	540684	1	3	0	1	0	20
chr19	539974	540010	1	1	0	0	1	65
chr19	539974	540086	1	1	0	0	1	65
chr19	540049	540086	1	1	0	0	1	74
chr19	544127	547279	0	0	1	2	0	62
chr19	547437	548541	0	0	1	3	1	71
chr19	548677	548920	1	1	0	7	0	72
chr19	549186	549629	0	0	1	7	0	75
chr19	562630	567454	2	2	0	1	0	20
chr19	567625	571439	0	0	1	11	0	66
chr19	567649	571439	0	0	1	1	0	73
chr19	571098	571425	1	1	0	1	0	30
chr19	571579	579498	1	1	0	8	0	56
chr19	572701	579498	1	1	0	1210	20	75
chr19	572701	580377	1	1	0	3	0	55
chr19	572701	580644	1	1	0	2	0	73
chr19	573162	577540	1	1	0	1	0	32
chr19	579656	580311	1	1	0	1	0	25
chr19	579657	580378	0	0	1	994	31	75
chr19	580461	580644	1	1	0	66	6	74
chr19	580462	580645	0	0	1	1077	29	75
chr19	580782	581313	1	1	0	27	6	72
chr19	580783	581314	0	0	1	950	28	75
chr19	581591	582304	1	1	0	674	12	67
chr19	581592	582305	0	0	1	1	0	18
chr19	582331	582513	0	0	1	801	10	27
chr19	582582	582748	1	1	0	27	1	72
chr19	582583	582749	0	0	1	1088	18	71
chr19	590578	603543	0	0	1	12	0	74
chr19	598696	627245	1	1	0	0	1	20
chr19	603967	605059	1	1	0	10	1	67
chr19	605222	607962	1	1	0	8	0	73
chr19	608182	610061	1	1	0	0	1	12
chr19	608182	610185	1	1	0	0	1	12
chr19	608182	610257	1	1	0	9	1	72
chr19	610406	613247	0	0	1	26	1	75
chr19	611154	612877	2	2	0	1	0	62
chr19	613488	613850	1	1	0	23	1	75
chr19	614016	614931	1	1	0	1	0	21
chr19	614017	615794	0	0	1	26	0	71
chr19	615006	615793	1	1	0	1	0	70
chr19	617324	617418	0	0	1	13	1	61
chr19	617480	617568	2	2	0	23	1	61
chr19	617655	617775	2	2	0	2	8	59
chr19	617656	617776	0	0	1	16	8	74
chr19	617849	618486	2	2	0	3	8	68
chr19	617850	618487	0	0	1	28	9	67
chr19	618281	618486	2	2	0	2	0	53
chr19	618316	618486	2	2	0	1	0	31
chr19	618587	618704	0	0	1	55	5	57
chr19	618761	618996	0	0	1	48	4	60
chr19	619111	619209	0	0	1	42	2	72
chr19	619297	619585	0	0	1	29	1	75
chr19	619765	619956	2	2	0	1	2	20
chr19	619766	619957	0	0	1	12	4	73
chr19	620080	620363	2	2	0	1	7	25
chr19	620081	620364	0	0	1	21	7	73
chr19	620487	621056	2	2	0	2	3	18
chr19	620488	621057	0	0	1	26	3	70
chr19	621847	622148	0	0	1	6	0	75
chr19	622374	622581	0	0	1	5	0	67
chr19	622743	622819	2	2	0	1	0	50
chr19	622753	622820	0	0	1	22	0	71
chr19	622985	623464	2	2	0	1	0	51
chr19	622986	623453	0	0	1	30	0	71
chr19	623604	624718	0	0	1	22	0	71
chr19	624906	625123	0	0	1	17	0	75
chr19	625255	629539	0	0	1	9	0	64
chr19	630169	632833	0	0	1	16	0	72
chr19	632938	633423	2	2	0	1	0	48
chr19	632939	633424	0	0	1	15	0	74
chr19	648278	648371	0	0	1	38	1	66
chr19	648487	648880	2	2	0	1	0	35
chr19	648488	648881	0	0	1	35	1	74
chr19	648976	649678	0	0	1	32	4	70
chr19	649052	649677	2	2	0	2	0	71
chr19	649748	650232	2	2	0	1	23	64
chr19	649749	650233	0	0	1	26	23	71
chr19	650296	651609	2	2	0	2	19	62
chr19	650296	651690	2	2	0	0	4	62
chr19	650297	651610	0	0	1	25	20	65
chr19	650297	651691	0	0	1	0	4	64
chr19	651856	652232	0	0	1	34	5	67
chr19	651916	652232	0	0	1	3	0	64
chr19	652296	652824	2	2	0	11	10	60
chr19	652297	652825	0	0	1	11	8	59
chr19	652884	663045	2	2	0	2	8	58
chr19	652885	663046	0	0	1	15	9	62
chr19	654546	692271	1	3	0	1	0	32
chr19	667398	667460	1	1	0	2	0	52
chr19	676526	681331	1	1	0	1	0	67
chr19	676526	681648	1	1	0	4	0	30
chr19	676527	677791	0	0	1	19	0	73
chr19	677724	680148	2	2	0	1	0	64
chr19	677977	680272	1	1	0	15	0	74
chr19	677977	681331	1	1	0	1	0	54
chr19	680489	681331	1	1	0	18	3	75
chr19	680879	681331	1	1	0	2	0	43
chr19	681560	681648	1	1	0	1	0	19
chr19	681561	681649	0	0	1	39	1	75
chr19	682337	682360	2	4	0	1	0	40
chr19	687189	691857	0	0	1	2	0	75
chr19	692304	730935	1	1	0	1	0	25
chr19	697831	714605	2	2	0	0	1	48
chr19	704914	708061	1	1	0	3	0	23
chr19	708157	726136	1	1	0	5	0	53
chr19	709151	719082	1	1	0	1	0	47
chr19	709152	726137	0	0	1	9	0	52
chr19	726190	727007	0	0	1	15	0	53
chr19	727088	727562	1	1	0	16	0	74
chr19	727694	731093	1	1	0	1	0	56
chr19	727695	731094	0	0	1	28	0	70
chr19	731245	734171	1	1	0	33	0	22
chr19	734194	736017	1	1	0	29	0	26
chr19	736078	740350	1	1	0	5	0	53
chr19	736078	746283	1	1	0	9	0	53
chr19	740483	746283	1	1	0	9	0	51
chr19	751171	756888	1	1	0	5	0	63
chr19	758727	759908	0	0	1	32	1	65
chr19	760039	761133	1	1	0	0	1	45
chr19	760039	761623	1	1	0	32	1	40
chr19	760039	763499	1	1	0	2	0	24
chr19	761664	763500	0	0	1	37	0	41
chr19	773884	864907	1	1	0	0	5	13
chr19	783331	784814	0	0	1	6	0	61
chr19	797505	799411	1	1	0	212	6	59
chr19	797505	803559	1	1	0	2	0	44
chr19	798545	799411	1	1	0	1	0	31
chr19	799443	803559	1	1	0	302	9	54
chr19	799443	803618	1	1	0	2	0	17
chr19	803636	804034	1	1	0	417	13	75
chr19	804209	804291	0	0	1	392	16	75
chr19	804438	804530	1	1	0	306	12	75
chr19	804439	804540	0	0	1	2	0	5
chr19	804702	804827	1	1	0	345	10	75
chr19	804939	805011	1	1	0	416	9	75
chr19	805187	805490	1	1	0	16	111	68
chr19	805187	805511	1	1	0	5	0	58
chr19	805187	806406	1	1	0	7	0	72
chr19	805188	805491	0	0	1	158	115	75
chr19	805188	806407	0	0	1	129	6	73
chr19	805569	806406	1	1	0	9	111	66
chr19	805570	806407	0	0	1	110	114	74
chr19	806556	807867	1	1	0	436	16	35
chr19	806556	808358	1	1	0	8	1	74
chr19	806556	808378	1	1	0	3	0	21
chr19	807902	808358	1	1	0	1	0	64
chr19	807903	808359	0	0	1	437	8	74
chr19	808452	808544	1	1	0	462	17	75
chr19	808763	810542	0	0	1	380	5	75
chr19	810621	810693	0	0	1	490	9	75
chr19	813896	814433	0	0	1	10	0	70
chr19	814608	814691	0	0	1	11	0	58
chr19	814749	814884	2	2	0	1	0	51
chr19	814750	814885	0	0	1	9	0	58
chr19	815082	815185	0	0	1	9	0	34
chr19	815328	815665	0	0	1	5	0	74
chr19	815852	821484	0	0	1	7	0	66
chr19	821586	821914	0	0	1	1	0	45
chr19	825198	828229	0	0	1	1	0	74
chr19	827905	828229	0	0	1	38	1	60
chr19	828387	829561	0	0	1	39	3	75
chr19	829706	830706	1	1	0	77	1	75
chr19	829706	830849	1	1	0	1	0	75
chr19	830942	831715	0	0	1	63	2	75
chr19	841070	843460	0	0	1	14	0	57
chr19	843626	843891	1	1	0	27	1	75
chr19	844034	846145	1	1	0	56	5	75
chr19	846378	847798	0	0	1	69	1	73
chr19	852381	853325	2	4	0	1	0	51
chr19	852396	852875	0	0	1	63	1	73
chr19	853032	853260	1	1	0	136	3	75
chr19	853403	855562	1	1	0	134	3	75
chr19	855433	855562	1	1	0	1	0	31
chr19	855764	855956	1	1	0	1	0	43
chr19	855795	855957	0	0	1	160	6	75
chr19	859744	860615	1	1	0	9	0	66
chr19	860774	860860	0	0	1	27	1	75
chr19	861005	861697	1	1	0	39	1	73
chr19	861957	863091	0	0	1	15	0	69
chr19	864578	864907	1	1	0	0	5	15
chr19	868499	868861	2	2	0	0	3	47
chr19	868500	868862	0	0	1	12	5	73
chr19	868946	871035	2	2	0	0	4	63
chr19	868947	871036	0	0	1	15	4	75
chr19	870747	870792	2	2	0	1	0	44
chr19	871253	871924	2	2	0	21	0	69
chr19	872119	873448	0	0	1	19	1	74
chr19	872998	873033	1	1	0	1	0	31
chr19	873583	875243	0	0	1	18	0	73
chr19	875455	876973	0	0	1	13	0	68
chr19	875455	879936	0	0	1	1	0	37
chr19	877181	879936	0	0	1	8	3	59
chr19	880149	881558	0	0	1	18	3	69
chr19	881715	884902	0	0	1	27	0	69
chr19	885008	885768	2	2	0	3	0	37
chr19	885009	885769	0	0	1	17	2	68
chr19	886202	889637	0	0	1	17	1	75
chr19	889807	890135	2	2	0	1	0	32
chr19	889808	890136	0	0	1	11	0	68
chr19	890245	890962	0	0	1	29	1	71
chr19	890445	890961	2	2	0	1	0	47
chr19	891150	893085	0	0	1	14	0	68
chr19	897540	899438	2	2	0	17	0	58
chr19	899496	899600	0	0	1	9	0	57
chr19	899687	900060	0	0	1	19	1	72
chr19	900147	900828	0	0	1	36	2	75
chr19	900952	901974	2	2	0	4	0	64
chr19	900953	901421	0	0	1	28	0	70
chr19	901516	901974	2	2	0	2	0	39
chr19	901546	901974	2	2	0	31	0	74
chr19	902101	902240	2	2	0	1	0	17
chr19	902130	911862	2	2	0	1	0	32
chr19	902130	913085	2	2	0	35	2	69
chr19	902131	902241	0	0	1	3	0	44
chr19	902434	913085	2	2	0	1	0	32
chr19	902435	902518	0	0	1	2	0	26
chr19	905702	943583	1	1	0	0	2	28
chr19	917746	918542	1	1	0	5	0	73
chr19	918669	919489	0	0	1	1	0	19
chr19	919621	919872	1	1	0	1	0	16
chr19	919626	919873	0	0	1	2	0	74
chr19	925921	929261	0	0	1	7	0	69
chr19	926060	929261	0	0	1	3	0	52
chr19	926198	929261	0	0	1	6	0	41
chr19	929146	929261	0	0	1	4	0	52
chr19	929897	932417	0	0	1	15	0	75
chr19	932742	960090	1	1	0	28	2	74
chr19	941539	960090	1	1	0	4	0	68
chr19	943881	943970	2	2	0	1	0	73
chr19	948939	951051	2	2	0	1	0	55
chr19	950279	950394	1	3	0	0	1	43
chr19	960164	964204	1	1	0	1	0	42
chr19	960165	964247	0	0	1	42	2	70
chr19	964431	964831	1	1	0	70	2	75
chr19	965080	966570	1	1	0	29	1	75
chr19	966868	968403	1	1	0	53	1	74
chr19	968503	971876	1	1	0	1	0	42
chr19	968504	971877	0	0	1	71	0	72
chr19	972956	973230	1	1	0	2	0	64
chr19	983050	983160	1	1	0	1	0	68
chr19	983251	983961	0	0	1	2	0	46
chr19	984563	985863	1	1	0	5	9	34
chr19	984564	985864	0	0	1	41	9	72
chr19	985975	989760	1	1	0	5	9	32
chr19	985976	989761	0	0	1	48	12	75
chr19	989895	990221	1	1	0	69	0	75
chr19	990364	990850	1	1	0	52	1	74
chr19	990364	990976	1	1	0	1	0	51
chr19	990995	991079	1	1	0	71	2	66
chr19	991145	991225	1	1	0	4	3	22
chr19	991146	991226	0	0	1	81	4	67
chr19	991351	991953	1	1	0	6	3	21
chr19	991352	991954	0	0	1	58	8	75
chr19	992121	994210	1	1	0	1	0	44
chr19	992122	994018	0	0	1	36	2	68
chr19	994087	994210	1	1	0	41	1	69
chr19	1003722	1004519	0	0	1	2	0	12
chr19	1005552	1007625	1	1	0	2	0	68
chr19	1007773	1007854	0	0	1	1	0	34
chr19	1007971	1008138	0	0	1	2	0	25
chr19	1008018	1008174	2	2	0	3	0	40
chr19	1008290	1008615	1	1	0	2	0	57
chr19	1010895	1010989	0	0	1	2	0	46
chr19	1010895	1011094	0	0	1	106	5	75
chr19	1010895	1011365	0	0	1	2	0	63
chr19	1011095	1011365	0	0	1	1	0	42
chr19	1011195	1011365	0	0	1	65	4	73
chr19	1011498	1011577	2	2	0	6	5	60
chr19	1011499	1011578	0	0	1	71	4	75
chr19	1011612	1011739	0	0	1	32	0	57
chr19	1011663	1011739	0	0	1	64	1	57
chr19	1011797	1011889	2	2	0	99	0	60
chr19	1011991	1012063	2	2	0	3	0	50
chr19	1011992	1012064	0	0	1	88	1	74
chr19	1012188	1012461	0	0	1	33	0	74
chr19	1012507	1013238	2	2	0	1	0	45
chr19	1012572	1014189	2	2	0	1	0	39
chr19	1012573	1013239	0	0	1	81	3	75
chr19	1013340	1014190	0	0	1	111	8	74
chr19	1013358	1014190	0	0	1	6	0	66
chr19	1014472	1020769	2	2	0	4	0	60
chr19	1014473	1020770	0	0	1	92	2	75
chr19	1026723	1031068	1	1	0	223	1	74
chr19	1031191	1032389	1	1	0	351	7	67
chr19	1032457	1032556	1	1	0	291	8	70
chr19	1032457	1032560	1	1	0	2	0	43
chr19	1032663	1036128	0	0	1	1	0	45
chr19	1032695	1036127	1	1	0	2	0	62
chr19	1032695	1036413	1	1	0	31	1	75
chr19	1032696	1036065	0	0	1	2	0	30
chr19	1032696	1036128	0	0	1	304	14	75
chr19	1032696	1036414	0	0	1	1	0	5
chr19	1032921	1037548	0	0	1	1	0	3
chr19	1036245	1036413	1	1	0	351	19	75
chr19	1036561	1036896	1	1	0	1	0	66
chr19	1036561	1037622	1	1	0	3	1	46
chr19	1036562	1036877	0	0	1	2	0	34
chr19	1036562	1037623	0	0	1	327	10	75
chr19	1037000	1037623	0	0	1	4	0	49
chr19	1040195	1041222	1	1	0	7	0	34
chr19	1041262	1041352	1	1	0	1	0	39
chr19	1041427	1041508	0	0	1	10	0	75
chr19	1041603	1041829	0	0	1	14	0	75
chr19	1041972	1042062	0	0	1	11	1	75
chr19	1042175	1042312	1	1	0	3	1	42
chr19	1042397	1042744	0	0	1	4	3	65
chr19	1042825	1043038	1	1	0	15	0	70
chr19	1043251	1043332	0	0	1	6	0	64
chr19	1043473	1043723	0	0	1	10	0	44
chr19	1043840	1044574	1	1	0	22	2	69
chr19	1044743	1044999	1	1	0	6	1	70
chr19	1045231	1046228	0	0	1	16	0	73
chr19	1046405	1046873	1	1	0	1	0	31
chr19	1046406	1046800	0	0	1	4	0	49
chr19	1047023	1047154	1	1	0	8	0	68
chr19	1047377	1047450	1	1	0	3	0	44
chr19	1047653	1048892	1	1	0	1	0	15
chr19	1047654	1048893	0	0	1	16	0	74
chr19	1049004	1049263	1	1	0	18	0	63
chr19	1049004	1049315	1	1	0	3	0	61
chr19	1049436	1051152	1	1	0	0	1	40
chr19	1049437	1050919	0	0	1	4	1	52
chr19	1049461	1050918	1	1	0	1	0	24
chr19	1051052	1051153	0	0	1	2	1	36
chr19	1051294	1051447	0	0	1	7	2	72
chr19	1051586	1051940	0	0	1	20	1	67
chr19	1052125	1052211	1	1	0	2	6	74
chr19	1052126	1052212	0	0	1	13	6	73
chr19	1052285	1053326	1	1	0	2	6	72
chr19	1052286	1053327	0	0	1	16	6	60
chr19	1053530	1053785	1	1	0	25	0	52
chr19	1053835	1054003	1	1	0	34	1	51
chr19	1054109	1054190	1	1	0	15	0	61
chr19	1054109	1054777	1	1	0	1	0	33
chr19	1054340	1054567	1	1	0	11	0	59
chr19	1054693	1054777	1	1	0	8	0	67
chr19	1054878	1055095	0	0	1	14	0	63
chr19	1055350	1055904	1	1	0	12	0	46
chr19	1055938	1056063	1	1	0	8	0	34
chr19	1055939	1056064	0	0	1	3	0	35
chr19	1056242	1056327	1	1	0	23	1	74
chr19	1056499	1056905	0	0	1	31	0	74
chr19	1057083	1057311	1	1	0	21	1	74
chr19	1057428	1057912	1	1	0	13	1	63
chr19	1057428	1057966	1	1	0	4	0	71
chr19	1057428	1058615	1	1	0	1	0	58
chr19	1058058	1058143	1	1	0	8	2	60
chr19	1058269	1058616	0	0	1	12	0	72
chr19	1058747	1058818	0	0	1	28	1	74
chr19	1058939	1059035	1	1	0	1	0	42
chr19	1058940	1059021	0	0	1	41	2	62
chr19	1059084	1061779	1	1	0	38	0	64
chr19	1059084	1061965	1	1	0	1	0	62
chr19	1061887	1062169	1	1	0	23	1	74
chr19	1062312	1063541	1	1	0	8	0	75
chr19	1063678	1063758	0	0	1	11	0	71
chr19	1063862	1064158	1	1	0	14	1	74
chr19	1063898	1064158	1	1	0	1	0	22
chr19	1064252	1064928	1	1	0	16	0	70
chr19	1064253	1064929	0	0	1	2	0	57
chr19	1065171	1065268	0	0	1	10	2	49
chr19	1066163	1068412	0	0	1	4	0	40
chr19	1067495	1068412	0	0	1	47	1	74
chr19	1068743	1073143	1	1	0	1	0	14
chr19	1068743	1073146	1	1	0	39	2	74
chr19	1073291	1073503	1	1	0	41	1	75
chr19	1073589	1073671	1	1	0	52	4	73
chr19	1073745	1073945	1	1	0	37	1	68
chr19	1074014	1074102	0	0	1	34	0	71
chr19	1074240	1074340	1	1	0	37	1	65
chr19	1074406	1074611	1	1	0	42	1	65
chr19	1074723	1074796	1	1	0	18	0	75
chr19	1074878	1077854	1	1	0	25	1	75
chr19	1075157	1077854	1	1	0	2	0	61
chr19	1078044	1079700	1	1	0	1	1	43
chr19	1078045	1079701	0	0	1	48	1	69
chr19	1079840	1079926	0	0	1	53	1	75
chr19	1080117	1080252	1	1	0	1	0	46
chr19	1080118	1080253	0	0	1	64	6	75
chr19	1080378	1080461	1	1	0	67	4	75
chr19	1080378	1080679	1	1	0	1	0	61
chr19	1080547	1080680	0	0	1	67	2	75
chr19	1080785	1080889	1	1	0	44	1	74
chr19	1081063	1081547	1	1	0	47	2	60
chr19	1081738	1081822	0	0	1	40	1	74
chr19	1081960	1082837	1	1	0	81	1	75
chr19	1083065	1083159	1	1	0	1	0	28
chr19	1083066	1083141	0	0	1	33	1	71
chr19	1083353	1084236	0	0	1	49	1	68
chr19	1084345	1085657	1	1	0	43	1	75
chr19	1087132	1097236	1	1	0	0	1	22
chr19	1088720	1089470	0	0	1	198	1	75
chr19	1089550	1089881	2	2	0	2	0	37
chr19	1089551	1089882	0	0	1	117	0	75
chr19	1089961	1090084	2	2	0	75	3	60
chr19	1090144	1095256	2	2	0	2	0	37
chr19	1090145	1090906	0	0	1	95	6	60
chr19	1090988	1091790	0	0	1	159	5	75
chr19	1091907	1093902	0	0	1	189	4	75
chr19	1091907	1095257	0	0	1	3	0	70
chr19	1094078	1095257	0	0	1	127	1	74
chr19	1104126	1105127	1	1	0	1	0	37
chr19	1104126	1105183	1	1	0	201	6	75
chr19	1104928	1105183	1	1	0	13	0	67
chr19	1105273	1105363	1	1	0	1	0	33
chr19	1105279	1105363	1	1	0	2	0	70
chr19	1105280	1105364	0	0	1	596	18	75
chr19	1105509	1105655	1	1	0	4	1	63
chr19	1105510	1105656	0	0	1	669	15	75
chr19	1105808	1106239	1	1	0	775	15	26
chr19	1105808	1106397	1	1	0	13	0	61
chr19	1105809	1106179	0	0	1	11	0	70
chr19	1106265	1106361	1	1	0	2	0	25
chr19	1106265	1106375	1	1	0	7	0	25
chr19	1106265	1106397	1	1	0	920	23	61
chr19	1106266	1106398	0	0	1	2	0	26
chr19	1106458	1106521	1	1	0	1	0	28
chr19	1106458	1106537	1	1	0	1	0	59
chr19	1106458	1106570	1	1	0	7	0	62
chr19	1106459	1106538	0	0	1	979	21	68
chr19	1108704	1108777	0	0	1	21	1	62
chr19	1108968	1109132	2	2	0	0	5	50
chr19	1108969	1109133	0	0	1	10	5	72
chr19	1109210	1109289	2	2	0	1	5	54
chr19	1109211	1109290	0	0	1	14	5	72
chr19	1109423	1109504	0	0	1	16	1	73
chr19	1109598	1109681	0	0	1	15	1	73
chr19	1109777	1110743	0	0	1	31	0	72
chr19	1110888	1111017	0	0	1	25	0	69
chr19	1111093	1111504	0	0	1	22	0	67
chr19	1111614	1111994	0	0	1	32	0	72
chr19	1112066	1112186	2	2	0	3	2	44
chr19	1112067	1112187	0	0	1	24	2	73
chr19	1112300	1112399	2	2	0	0	2	28
chr19	1112301	1112400	0	0	1	10	2	73
chr19	1112537	1112816	0	0	1	19	0	71
chr19	1112949	1113533	0	0	1	23	0	68
chr19	1113704	1114229	0	0	1	23	1	66
chr19	1114421	1114674	2	2	0	1	0	12
chr19	1114421	1116018	2	2	0	27	1	74
chr19	1116102	1116826	2	2	0	17	0	60
chr19	1116926	1117321	0	0	1	9	2	71
chr19	1117499	1119009	0	0	1	14	0	61
chr19	1118309	1119008	2	2	0	1	0	38
chr19	1119163	1119513	2	2	0	1	3	26
chr19	1119164	1119514	0	0	1	21	4	74
chr19	1119620	1119903	2	2	0	1	3	39
chr19	1119621	1119904	0	0	1	20	4	74
chr19	1120022	1122136	2	2	0	21	2	73
chr19	1122282	1122466	0	0	1	24	1	68
chr19	1122557	1122655	2	2	0	2	0	55
chr19	1122558	1122656	0	0	1	22	1	75
chr19	1122791	1122892	0	0	1	14	0	73
chr19	1123044	1123531	2	2	0	37	0	71
chr19	1123639	1123940	0	0	1	16	0	69
chr19	1124022	1127602	0	0	1	20	0	75
chr19	1127765	1132088	0	0	1	1	0	46
chr19	1127765	1147307	0	0	1	17	0	74
chr19	1147386	1149366	2	2	0	2	0	42
chr19	1147420	1149367	0	0	1	19	0	68
chr19	1149442	1154182	0	0	1	8	0	65
chr19	1154402	1168692	0	0	1	9	1	70
chr19	1154402	1174170	0	0	1	14	0	67
chr19	1165712	1166157	2	2	0	0	1	28
chr19	1165768	1166157	2	2	0	0	1	28
chr19	1173134	1174557	1	1	0	1	0	56
chr19	1173883	1174557	1	1	0	1	0	35
chr19	1207202	1216265	1	1	0	2	0	31
chr19	1207202	1227590	1	1	0	1	0	38
chr19	1207203	1218415	0	0	1	80	3	75
chr19	1216398	1218415	0	0	1	2	1	60
chr19	1218500	1219322	0	0	1	2	0	48
chr19	1219412	1220370	1	1	0	2	4	69
chr19	1219413	1220371	0	0	1	64	6	74
chr19	1220504	1220578	1	1	0	0	5	15
chr19	1220505	1220579	0	0	1	54	7	73
chr19	1220716	1221210	1	1	0	70	5	73
chr19	1221339	1221693	1	1	0	1	0	73
chr19	1221340	1221947	0	0	1	62	1	57
chr19	1221845	1221946	1	1	0	1	0	42
chr19	1222005	1222982	1	1	0	51	2	61
chr19	1223171	1226451	1	1	0	1	0	44
chr19	1223171	1227590	1	1	0	1	0	18
chr19	1223172	1223636	0	0	1	5	0	54
chr19	1223172	1226452	0	0	1	51	1	73
chr19	1223172	1226457	0	0	1	6	0	37
chr19	1226662	1227590	1	1	0	45	0	72
chr19	1230142	1231099	0	0	1	2	0	13
chr19	1231275	1233424	0	0	1	2	0	54
chr19	1233636	1234189	0	0	1	1	0	8
chr19	1234290	1234569	0	0	1	3	0	46
chr19	1234331	1234569	0	0	1	6	0	74
chr19	1234742	1234999	0	0	1	5	0	71
chr19	1235145	1235499	0	0	1	6	0	65
chr19	1235389	1235498	2	2	0	2	0	52
chr19	1235564	1235748	2	2	0	2	0	40
chr19	1235565	1235777	0	0	1	5	0	62
chr19	1235918	1235994	0	0	1	1	0	18
chr19	1236121	1237754	0	0	1	2	0	69
chr19	1241991	1242454	0	0	1	140	6	75
chr19	1242357	1242483	1	1	0	1	0	54
chr19	1242608	1244094	1	1	0	153	9	75
chr19	1244184	1244312	1	1	0	1	0	40
chr19	1244184	1244316	1	1	0	1	0	47
chr19	1244185	1244313	0	0	1	236	2	75
chr19	1244439	1244688	1	1	0	1	0	24
chr19	1244439	1244734	1	1	0	86	3	74
chr19	1248659	1249887	1	1	0	24	0	62
chr19	1249800	1249887	1	1	0	1	0	20
chr19	1250528	1251559	1	1	0	36	6	75
chr19	1250532	1251559	1	1	0	2	0	26
chr19	1251648	1251836	1	1	0	35	3	64
chr19	1251900	1253951	1	1	0	14	3	64
chr19	1251901	1254165	0	0	1	47	0	65
chr19	1254082	1254165	0	0	1	12	0	74
chr19	1254477	1254899	1	1	0	80	2	75
chr19	1254477	1254902	1	1	0	11	1	70
chr19	1255060	1255487	1	1	0	2	0	51
chr19	1255061	1255420	0	0	1	71	2	75
chr19	1255693	1256992	1	1	0	2	0	60
chr19	1255694	1256993	0	0	1	60	4	71
chr19	1261640	1264250	1	1	0	2	0	25
chr19	1261640	1270925	1	1	0	2	0	22
chr19	1262142	1270925	1	1	0	1	0	23
chr19	1264463	1270926	0	0	1	3	0	67
chr19	1264471	1270925	1	1	0	1	0	52
chr19	1267292	1270926	0	0	1	4	0	59
chr19	1269407	1270878	0	0	1	3	0	3
chr19	1269409	1270925	1	1	0	1	0	57
chr19	1269410	1270865	0	0	1	16	2	65
chr19	1269410	1270926	0	0	1	166	6	70
chr19	1269915	1270926	0	0	1	0	3	4
chr19	1270882	1270926	0	0	1	4	3	4
chr19	1271015	1271326	1	1	0	1	0	65
chr19	1271035	1271137	1	1	0	281	9	75
chr19	1271245	1271326	1	1	0	225	10	75
chr19	1271466	1271548	1	1	0	1	0	48
chr19	1271466	1271978	1	1	0	1	0	18
chr19	1271467	1271549	0	0	1	12	0	26
chr19	1271631	1271978	1	1	0	114	5	74
chr19	1272050	1272424	1	1	0	145	7	75
chr19	1272050	1273491	1	1	0	1	1	25
chr19	1272051	1274305	0	0	1	27	0	75
chr19	1273715	1274305	0	0	1	9	0	54
chr19	1274439	1277180	1	1	0	4	0	54
chr19	1274440	1274647	0	0	1	31	1	71
chr19	1275830	1277181	0	0	1	55	3	75
chr19	1276103	1277181	0	0	1	14	0	65
chr19	1276673	1277181	0	0	1	1	0	34
chr19	1277298	1278774	1	1	0	83	2	75
chr19	1286308	1295543	0	0	1	5	0	57
chr19	1298615	1299821	1	1	0	8	0	75
chr19	1306283	1330369	2	2	0	1	0	27
chr19	1331419	1344739	2	2	0	1	0	12
chr19	1355020	1356322	0	0	1	1	0	32
chr19	1355134	1356321	1	1	0	1	1	19
chr19	1355135	1356322	0	0	1	1	1	37
chr19	1356448	1357006	1	1	0	0	1	14
chr19	1356449	1357007	0	0	1	29	4	68
chr19	1357093	1358391	1	1	0	25	1	71
chr19	1358463	1360133	1	1	0	22	0	71
chr19	1358464	1358586	0	0	1	17	1	71
chr19	1358692	1360133	1	1	0	2	0	61
chr19	1358699	1360133	1	1	0	4	0	50
chr19	1361031	1362247	1	1	0	29	0	74
chr19	1362350	1364506	1	1	0	48	1	68
chr19	1362350	1369262	1	1	0	1	0	42
chr19	1364579	1366303	0	0	1	42	1	66
chr19	1366380	1367157	1	1	0	20	0	61
chr19	1367219	1369262	1	1	0	28	0	61
chr19	1368862	1368904	2	2	0	0	1	66
chr19	1368905	1368947	2	2	0	0	1	42
chr19	1368905	1368990	2	2	0	0	1	42
chr19	1369068	1369262	1	1	0	1	0	55
chr19	1369339	1369593	1	1	0	1	0	52
chr19	1369340	1369594	0	0	1	27	0	51
chr19	1369645	1373069	1	1	0	1	0	50
chr19	1369646	1370640	0	0	1	31	0	51
chr19	1371077	1371231	1	1	0	1	0	19
chr19	1371077	1373069	1	1	0	2	4	43
chr19	1371078	1373070	0	0	1	25	4	72
chr19	1373159	1373483	1	1	0	3	0	16
chr19	1373159	1376142	1	1	0	1	0	54
chr19	1373159	1376516	1	1	0	1	4	40
chr19	1373160	1376517	0	0	1	35	5	72
chr19	1374049	1376517	0	0	1	1	0	31
chr19	1383941	1387808	1	1	0	27	0	37
chr19	1387846	1388522	1	1	0	50	2	40
chr19	1388592	1388830	1	1	0	76	3	70
chr19	1388937	1390868	1	1	0	110	2	75
chr19	1391050	1391117	0	0	1	142	3	49
chr19	1391164	1393239	1	1	0	134	3	60
chr19	1393329	1395388	1	1	0	1	0	63
chr19	1393330	1395389	0	0	1	88	1	75
chr19	1393606	1393886	0	0	1	4	0	50
chr19	1393623	1393885	2	2	0	1	0	35
chr19	1394205	1394801	2	2	0	1	0	16
chr19	1394357	1394802	0	0	1	3	0	69
chr19	1397498	1398913	2	2	0	2	1	31
chr19	1397499	1398914	0	0	1	59	0	75
chr19	1399026	1399126	0	0	1	76	11	68
chr19	1399194	1399521	2	2	0	9	36	65
chr19	1399195	1399522	0	0	1	48	37	67
chr19	1399586	1399746	2	2	0	1	0	15
chr19	1399586	1399790	2	2	0	4	36	63
chr19	1399587	1399791	0	0	1	31	37	66
chr19	1399937	1401293	2	2	0	1	0	21
chr19	1399938	1401294	0	0	1	36	0	75
chr19	1407801	1428839	1	1	0	1	0	62
chr19	1407802	1417498	0	0	1	168	4	40
chr19	1408813	1409555	1	1	0	1	0	27
chr19	1408872	1438808	1	1	0	1	0	15
chr19	1410078	1416454	1	1	0	2	0	73
chr19	1413387	1416454	1	1	0	0	1	74
chr19	1416555	1417498	0	0	1	1	1	5
chr19	1416702	1417497	1	1	0	1	0	38
chr19	1417539	1418201	1	1	0	162	4	74
chr19	1417539	1418203	1	1	0	1	0	40
chr19	1418369	1418663	1	1	0	275	16	66
chr19	1418730	1421145	1	1	0	209	10	66
chr19	1418730	1421148	1	1	0	51	0	66
chr19	1421257	1422345	1	1	0	9	194	50
chr19	1421258	1422346	0	0	1	130	203	74
chr19	1422395	1423417	1	1	0	3	0	47
chr19	1422395	1425875	1	1	0	34	190	49
chr19	1422395	1428839	1	1	0	2	11	48
chr19	1422396	1425876	0	0	1	109	192	51
chr19	1422396	1428840	0	0	1	2	14	50
chr19	1423454	1425875	1	1	0	1	0	36
chr19	1425960	1428840	0	0	1	228	28	74
chr19	1428994	1429964	1	1	0	14	220	31
chr19	1428995	1429965	0	0	1	54	225	31
chr19	1429995	1430219	1	1	0	8	221	29
chr19	1429996	1430220	0	0	1	41	225	73
chr19	1430362	1432512	0	0	1	175	11	74
chr19	1432680	1434734	1	1	0	1	0	44
chr19	1432689	1433736	1	1	0	0	1	17
chr19	1432689	1434734	1	1	0	144	9	71
chr19	1432690	1433737	0	0	1	0	1	18
chr19	1432690	1434738	0	0	1	40	0	67
chr19	1433826	1434734	1	1	0	1	0	51
chr19	1433826	1434737	1	1	0	0	1	45
chr19	1433827	1434738	0	0	1	2	1	44
chr19	1438427	1438808	1	1	0	9	0	25
chr19	1438428	1438805	0	0	1	757	49	72
chr19	1438580	1438805	0	0	1	7	35	34
chr19	1438891	1439958	1	1	0	2	0	58
chr19	1438891	1440016	1	1	0	1842	73	75
chr19	1438891	1440020	1	1	0	1	0	26
chr19	1438891	1440023	1	1	0	14	0	49
chr19	1438892	1439604	0	0	1	6	0	56
chr19	1438892	1439966	0	0	1	4	0	70
chr19	1439125	1440016	1	1	0	1	0	35
chr19	1439825	1440016	1	1	0	1	0	21
chr19	1440240	1440346	1	1	0	2	0	57
chr19	1440241	1440347	0	0	1	1	0	5
chr19	1440252	1440346	1	1	0	3356	122	75
chr19	1440254	1440346	1	1	0	1	0	15
chr19	1453336	1453428	1	1	0	2	0	26
chr19	1453611	1455147	0	0	1	3	0	30
chr19	1461823	1470381	2	2	0	6	0	74
chr19	1461824	1478772	0	0	1	2	0	38
chr19	1473342	1478771	2	2	0	1	0	28
chr19	1475258	1478772	0	0	1	11	0	62
chr19	1478580	1478772	0	0	1	0	1	7
chr19	1478905	1479161	0	0	1	3	1	47
chr19	1482207	1482351	0	0	1	1	0	71
chr19	1483020	1483282	0	0	1	4	0	57
chr19	1483462	1483647	2	2	0	2	0	27
chr19	1483767	1483836	0	0	1	1	0	5
chr19	1483940	1484024	2	2	0	2	0	15
chr19	1484126	1486850	2	2	0	1	0	48
chr19	1487313	1487601	0	0	1	1	0	16
chr19	1487313	1487783	0	0	1	2	2	45
chr19	1487691	1487783	0	0	1	0	2	3
chr19	1487860	1487961	2	2	0	1	0	45
chr19	1488092	1488186	0	0	1	2	0	57
chr19	1488280	1489791	0	0	1	1	0	23
chr19	1489897	1490156	0	0	1	1	0	14
chr19	1491384	1495292	0	0	1	25	0	73
chr19	1495386	1495466	1	1	0	29	1	75
chr19	1495606	1496282	1	1	0	29	1	75
chr19	1496452	1497171	1	1	0	43	1	70
chr19	1506308	1506737	0	0	1	1	0	28
chr19	1506316	1506588	0	0	1	3	0	24
chr19	1506661	1506737	0	0	1	3	0	42
chr19	1506928	1507240	0	0	1	6	0	58
chr19	1507643	1507996	0	0	1	5	0	42
chr19	1508570	1510148	0	0	1	2	0	32
chr19	1510257	1510365	2	2	0	2	0	44
chr19	1510428	1510637	0	0	1	1	0	45
chr19	1510730	1510843	0	0	1	1	0	21
chr19	1510733	1510843	0	0	1	1	0	24
chr19	1510916	1511073	2	2	0	3	0	64
chr19	1510917	1511623	0	0	1	2	0	62
chr19	1511726	1512960	2	2	0	1	0	43
chr19	1529523	1529744	1	1	0	1	0	45
chr19	1534589	1565326	1	1	0	1	0	40
chr19	1556923	1567462	0	0	1	48	1	74
chr19	1578158	1578333	0	0	1	78	2	75
chr19	1578533	1581089	2	2	0	1	0	33
chr19	1578538	1581090	0	0	1	78	1	75
chr19	1581268	1582619	2	2	0	1	1	57
chr19	1581268	1584537	2	2	0	2	0	46
chr19	1581269	1582620	0	0	1	41	1	75
chr19	1582712	1583251	0	0	1	0	1	3
chr19	1582712	1584538	0	0	1	48	0	73
chr19	1584676	1585052	2	2	0	2	0	64
chr19	1584677	1585053	0	0	1	71	3	73
chr19	1585214	1585903	0	0	1	1	0	10
chr19	1585214	1592520	0	0	1	8	0	60
chr19	1585214	1592616	0	0	1	13	1	57
chr19	1585214	1599410	0	0	1	1	0	4
chr19	1598214	1599409	2	2	0	1	0	72
chr19	1598215	1599410	0	0	1	226	4	75
chr19	1599559	1599985	2	2	0	2	0	48
chr19	1599559	1605357	2	2	0	1	2	72
chr19	1599560	1602292	0	0	1	4	0	63
chr19	1599560	1605358	0	0	1	241	12	74
chr19	1602426	1605358	0	0	1	2	0	60
chr19	1609599	1611702	0	0	1	1	0	20
chr19	1610500	1611702	0	0	1	6	0	64
chr19	1611369	1611702	0	0	1	42	1	73
chr19	1611848	1615683	2	2	0	1	0	21
chr19	1611849	1612205	0	0	1	32	2	75
chr19	1611849	1615283	0	0	1	52	3	73
chr19	1612429	1615421	2	2	0	1	0	49
chr19	1612430	1615684	0	0	1	12	1	62
chr19	1612433	1615283	0	0	1	2	0	30
chr19	1612433	1615684	0	0	1	62	0	74
chr19	1615485	1615684	0	0	1	1	0	69
chr19	1615520	1615684	0	0	1	69	1	71
chr19	1615820	1619108	2	2	0	0	2	14
chr19	1615821	1619109	0	0	1	59	2	75
chr19	1619233	1619313	2	2	0	1	2	20
chr19	1619234	1619314	0	0	1	60	2	71
chr19	1619234	1619778	0	0	1	2	0	75
chr19	1619470	1619777	2	2	0	12	1	74
chr19	1619474	1619778	0	0	1	77	1	75
chr19	1619852	1620965	2	2	0	7	0	63
chr19	1619853	1620966	0	0	1	91	1	74
chr19	1621046	1621131	0	0	1	90	2	64
chr19	1621190	1621835	2	2	0	4	1	57
chr19	1621191	1621836	0	0	1	78	3	59
chr19	1621970	1622052	0	0	1	42	1	75
chr19	1622223	1622311	0	0	1	58	0	75
chr19	1622414	1623948	2	2	0	2	0	33
chr19	1622415	1623949	0	0	1	64	1	51
chr19	1624000	1625574	0	0	1	57	2	54
chr19	1625707	1627356	2	2	0	5	23	69
chr19	1625708	1627357	0	0	1	38	26	70
chr19	1627425	1632035	2	2	0	4	17	67
chr19	1627425	1646352	2	2	0	1	4	67
chr19	1627426	1631949	0	0	1	5	0	65
chr19	1627426	1632036	0	0	1	12	17	70
chr19	1627426	1646353	0	0	1	5	6	69
chr19	1632116	1632330	0	0	1	42	2	73
chr19	1632404	1646352	2	2	0	7	0	58
chr19	1632405	1646353	0	0	1	43	1	73
chr19	1646427	1650175	0	0	1	56	0	73
chr19	1650287	1652298	0	0	1	10	0	58
chr19	1650289	1652297	2	2	0	1	1	72
chr19	1748341	1748511	0	0	1	1	0	44
chr19	1784945	1785156	2	2	0	1	0	56
chr19	1785297	1785467	0	0	1	1	0	58
chr19	1789119	1789358	2	2	0	1	0	64
chr19	1800154	1800256	2	2	0	3	0	66
chr19	1800449	1801954	0	0	1	3	0	40
chr19	1802044	1802485	0	0	1	10	1	69
chr19	1802644	1805371	2	2	0	1	1	63
chr19	1802645	1805372	0	0	1	5	1	74
chr19	1805456	1805886	0	0	1	2	1	67
chr19	1805957	1806094	2	2	0	2	0	46
chr19	1806169	1806626	0	0	1	2	0	35
chr19	1806689	1807166	0	0	1	1	0	16
chr19	1807266	1808220	0	0	1	7	0	61
chr19	1808335	1809641	0	0	1	3	0	67
chr19	1808578	1808617	2	2	0	1	0	38
chr19	1809734	1810620	0	0	1	1	0	8
chr19	1811884	1812184	0	0	1	6	0	61
chr19	1816154	1816223	0	0	1	19	1	73
chr19	1816345	1816429	0	0	1	22	2	75
chr19	1816568	1816695	2	2	0	1	2	31
chr19	1816569	1816696	0	0	1	14	3	74
chr19	1816813	1817217	0	0	1	25	1	72
chr19	1817329	1817705	0	0	1	15	0	74
chr19	1817780	1818480	0	0	1	11	0	66
chr19	1818594	1818676	2	2	0	1	0	43
chr19	1818594	1818703	2	2	0	13	0	71
chr19	1818843	1819016	0	0	1	10	1	70
chr19	1819130	1819931	2	2	0	20	0	71
chr19	1820057	1820262	0	0	1	18	1	75
chr19	1820180	1820262	0	0	1	1	0	12
chr19	1820395	1821517	0	0	1	28	2	69
chr19	1821682	1823570	0	0	1	15	0	75
chr19	1823727	1825836	2	2	0	1	0	29
chr19	1823784	1824534	2	2	0	1	0	20
chr19	1823785	1825837	0	0	1	11	0	60
chr19	1824573	1825836	2	2	0	1	0	38
chr19	1825943	1826876	0	0	1	19	1	69
chr19	1828631	1848200	0	0	1	7	0	71
chr19	1854759	1862329	2	2	0	1	0	73
chr19	1854760	1863039	0	0	1	12	0	73
chr19	1875758	1875951	2	2	0	1	0	70
chr19	1877424	1877505	2	2	0	23	1	74
chr19	1877686	1879918	2	2	0	1	0	56
chr19	1877687	1879919	0	0	1	25	1	74
chr19	1880114	1885349	2	2	0	1	0	57
chr19	1880115	1880894	0	0	1	0	1	4
chr19	1880115	1881233	0	0	1	33	1	66
chr19	1880496	1881232	2	2	0	1	0	23
chr19	1881804	1885350	0	0	1	4	0	50
chr19	1905438	1917691	1	1	0	1	0	37
chr19	1905439	1914977	0	0	1	12	1	47
chr19	1915025	1917691	1	1	0	20	2	51
chr19	1917821	1918124	1	1	0	28	1	72
chr19	1918282	1918886	1	1	0	38	3	67
chr19	1918989	1923067	1	1	0	15	3	69
chr19	1923187	1924106	0	0	1	37	2	74
chr19	1925911	1925911	0	0	1	11	0	72
chr19	1941417	1969505	1	1	0	13	0	74
chr19	1969958	1975106	1	1	0	1	0	33
chr19	1969958	1978302	1	1	0	0	22	42
chr19	1969959	1978303	0	0	1	30	23	72
chr19	1978344	1978439	1	1	0	6	23	40
chr19	1978345	1978440	0	0	1	19	23	42
chr19	1978510	1978599	1	1	0	25	11	69
chr19	1978749	1978856	1	1	0	47	2	71
chr19	1979092	1979160	1	1	0	42	4	70
chr19	1979248	1979317	0	0	1	41	2	75
chr19	1979402	1979492	1	1	0	49	2	69
chr19	1979617	1979749	1	1	0	3	0	40
chr19	1979642	1979749	1	1	0	72	4	75
chr19	1979642	1979908	1	1	0	1	0	73
chr19	1979835	1979909	0	0	1	64	1	75
chr19	1980016	1980146	1	1	0	57	0	73
chr19	1981480	1981714	1	1	0	1	0	22
chr19	1986649	1986828	0	0	1	91	2	75
chr19	1986975	1987497	2	2	0	1	0	39
chr19	1986976	1987164	0	0	1	76	1	75
chr19	1987252	1987497	2	2	0	2	0	23
chr19	1987253	1987498	0	0	1	47	0	75
chr19	1987692	1990002	0	0	1	42	0	73
chr19	1990201	1990715	0	0	1	44	2	71
chr19	1990821	1991874	2	2	0	1	0	50
chr19	1990821	1993017	2	2	0	2	0	38
chr19	1990822	1993018	0	0	1	56	1	75
chr19	1992055	1993017	2	2	0	3	0	68
chr19	1993175	1997341	2	2	0	51	2	75
chr19	1997462	2013544	2	2	0	2	0	49
chr19	1997462	2017180	2	2	0	2	0	18
chr19	1997463	2015295	0	0	1	32	1	71
chr19	2013879	2015294	2	2	0	2	0	37
