chr19	61895	66345	0	0	1	1	0	53
chr19	66134	66345	0	0	1	1	0	4
chr19	66500	70927	0	0	1	1	0	10
chr19	198353	199757	2	2	0	1	0	41
chr19	198498	200389	2	2	0	0	1	67
chr19	198789	200389	2	2	0	0	1	67
chr19	199080	200389	2	2	0	0	1	67
chr19	199129	199368	2	2	0	0	1	36
chr19	199129	199465	2	2	0	0	1	36
chr19	199417	200389	2	2	0	0	1	48
chr19	199514	200389	2	2	0	0	1	48
chr19	199611	200389	2	2	0	0	1	67
chr19	199855	200389	2	2	0	0	1	67
chr19	200001	200097	2	2	0	1	0	74
chr19	200049	200389	2	2	0	0	4	67
chr19	200243	200389	2	2	0	0	4	67
chr19	201662	201754	2	2	0	2	1	58
chr19	201662	205168	2	2	0	1	6	60
chr19	201813	202039	2	2	0	1	0	20
chr19	201813	203873	2	2	0	3	0	58
chr19	204065	205168	2	2	0	7	0	57
chr19	204065	208325	2	2	0	0	2	20
chr19	204065	221139	2	2	0	0	2	20
chr19	205076	205168	2	2	0	3	5	60
chr19	205227	205453	2	2	0	0	1	22
chr19	206144	208325	2	2	0	1	0	45
chr19	208391	209234	2	2	0	1	0	19
chr19	209432	209767	2	2	0	2	0	53
chr19	209866	211760	2	2	0	2	0	73
chr19	211715	221139	2	2	0	1	0	44
chr19	211885	221139	2	2	0	2	0	30
chr19	219391	221139	2	2	0	1	0	51
chr19	224048	229634	2	2	0	5	0	75
chr19	231315	233475	2	2	0	1	0	20
chr19	233542	234424	2	2	0	1	0	48
chr19	234641	237934	2	2	0	1	0	29
chr19	238067	239128	2	2	0	3	0	61
chr19	239239	246395	2	2	0	1	0	20
chr19	243177	246395	2	2	0	2	0	22
chr19	281537	282132	2	2	0	22	0	65
chr19	282311	282751	0	0	1	11	0	36
chr19	282810	287473	0	0	1	11	0	62
chr19	287751	288018	2	2	0	18	0	72
chr19	288172	291284	0	0	1	6	0	60
chr19	306711	307117	2	2	0	6	0	65
chr19	307537	308576	0	0	1	6	0	56
chr19	308665	308799	2	2	0	5	1	70
chr19	308926	311844	0	0	1	7	0	75
chr19	311940	312190	0	0	1	6	0	62
chr19	312273	313491	0	0	1	6	0	72
chr19	313643	325633	2	2	0	8	1	70
chr19	325705	326506	0	0	1	12	1	71
chr19	326598	327131	2	2	0	7	1	66
chr19	327256	327862	2	2	0	12	1	73
chr19	327989	328486	2	2	0	1	0	44
chr19	327990	334399	0	0	1	11	0	74
chr19	334543	336082	0	0	1	3	0	46
chr19	336174	344773	0	0	1	1	0	14
chr19	408402	409005	0	0	1	1	0	48
chr19	417323	418922	0	0	1	5	0	75
chr19	419057	422145	0	0	1	14	0	67
chr19	422456	425095	2	2	0	5	0	66
chr19	425232	430683	0	0	1	10	0	64
chr19	430748	434708	0	0	1	10	0	66
chr19	434866	436164	0	0	1	4	1	68
chr19	436292	436379	0	0	1	4	0	50
chr19	436431	436628	2	2	0	0	1	33
chr19	436432	436629	0	0	1	1	1	52
chr19	436683	438716	2	2	0	1	1	53
chr19	436684	438717	0	0	1	1	2	55
chr19	438837	438968	2	2	0	0	1	62
chr19	438838	438969	0	0	1	4	1	60
chr19	439030	440860	2	2	0	0	1	27
chr19	439031	440861	0	0	1	1	1	26
chr19	440933	460528	0	0	1	2	0	62
chr19	467762	501539	2	2	0	1	0	55
chr19	489705	489864	1	1	0	1	0	64
chr19	498825	504743	1	1	0	1	0	75
chr19	501625	507375	0	0	1	2	0	27
chr19	501929	504743	1	1	0	1	0	22
chr19	507845	518888	0	0	1	13	0	40
chr19	532108	535835	1	1	0	1	0	33
chr19	532109	535836	0	0	1	126	1	74
chr19	535923	536241	1	1	0	102	4	74
chr19	536340	537011	1	1	0	1	1	48
chr19	536341	537012	0	0	1	108	5	75
chr19	537147	541337	1	1	0	3	2	45
chr19	537147	541341	1	1	0	6	0	75
chr19	537148	538677	0	0	1	3	0	58
chr19	537148	541338	0	0	1	128	3	75
chr19	537148	541345	0	0	1	2	0	33
chr19	540154	540759	1	3	0	1	0	37
chr19	540709	540819	1	3	0	0	1	60
chr19	540797	540833	1	3	0	1	0	37
chr19	541253	541338	0	0	1	4	0	57
chr19	544127	547279	0	0	1	5	0	66
chr19	547437	548541	0	0	1	4	0	75
chr19	548677	548920	1	1	0	8	0	57
chr19	549185	552877	1	1	0	1	0	42
chr19	549186	549629	0	0	1	6	1	69
chr19	562653	567448	2	2	0	1	0	34
chr19	562653	571438	2	2	0	2	0	73
chr19	566814	579498	1	1	0	1	0	66
chr19	567081	579498	1	1	0	1	0	50
chr19	567625	571439	0	0	1	13	2	68
chr19	567649	571439	0	0	1	1	0	21
chr19	571579	579498	1	1	0	7	0	63
chr19	571596	572107	2	2	0	1	0	58
chr19	572701	579498	1	1	0	1162	24	75
chr19	572701	580377	1	1	0	3	0	75
chr19	572701	580644	1	1	0	3	0	75
chr19	579657	580378	0	0	1	984	20	75
chr19	580461	580644	1	1	0	60	8	69
chr19	580461	580654	1	1	0	2	0	40
chr19	580462	580645	0	0	1	1007	34	75
chr19	580782	581313	1	1	0	14	14	50
chr19	580782	581454	1	1	0	1	0	27
chr19	580783	581314	0	0	1	874	31	75
chr19	581591	582304	1	1	0	623	5	28
chr19	582331	582513	0	0	1	729	6	27
chr19	582334	582516	1	1	0	1	0	30
chr19	582582	582748	1	1	0	26	1	68
chr19	582583	582749	0	0	1	1028	17	70
chr19	582613	582748	1	1	0	1	0	67
chr19	582990	595296	2	2	0	0	1	12
chr19	590577	603542	1	1	0	1	0	48
chr19	590578	603543	0	0	1	12	0	72
chr19	603967	605059	1	1	0	16	0	65
chr19	605222	607962	1	1	0	8	0	71
chr19	608182	610061	1	1	0	0	1	12
chr19	608182	610185	1	1	0	0	1	12
chr19	608182	610257	1	1	0	23	3	72
chr19	610405	613246	1	1	0	0	1	47
chr19	610406	613247	0	0	1	23	0	75
chr19	611154	612877	2	2	0	1	0	33
chr19	613488	613850	1	1	0	33	1	70
chr19	614003	615218	2	2	0	1	0	61
chr19	614017	615794	0	0	1	24	0	74
chr19	617324	617418	0	0	1	15	0	61
chr19	617480	617568	2	2	0	19	0	61
chr19	617655	617775	2	2	0	3	3	72
chr19	617656	617776	0	0	1	11	3	61
chr19	617849	618486	2	2	0	2	3	65
chr19	617850	618487	0	0	1	31	3	75
chr19	618587	618704	0	0	1	40	1	57
chr19	618761	618996	0	0	1	33	1	58
chr19	619111	619209	0	0	1	33	0	70
chr19	619296	619956	2	2	0	1	0	70
chr19	619297	619585	0	0	1	31	0	71
chr19	619687	619956	2	2	0	1	0	28
chr19	619766	619957	0	0	1	17	3	75
chr19	620080	620363	2	2	0	2	2	19
chr19	620081	620364	0	0	1	20	2	73
chr19	620487	621056	2	2	0	0	2	21
chr19	620488	621057	0	0	1	22	2	71
chr19	621847	622148	0	0	1	19	1	74
chr19	622374	622581	0	0	1	5	0	54
chr19	622753	622820	0	0	1	9	1	71
chr19	622986	623453	0	0	1	19	2	75
chr19	623604	624718	0	0	1	9	0	66
chr19	624906	625123	0	0	1	16	1	69
chr19	625254	629538	2	2	0	0	1	16
chr19	625255	629539	0	0	1	11	1	57
chr19	630169	632833	0	0	1	16	1	68
chr19	632938	633423	2	2	0	1	0	12
chr19	632939	633199	0	0	1	2	0	58
chr19	632939	633424	0	0	1	15	0	72
chr19	648278	648371	0	0	1	40	1	66
chr19	648487	648880	2	2	0	1	0	48
chr19	648488	648881	0	0	1	46	1	75
chr19	648976	649678	0	0	1	49	5	70
chr19	649052	649677	2	2	0	1	0	71
chr19	649748	649818	2	2	0	0	2	18
chr19	649748	650232	2	2	0	3	19	64
chr19	649749	650233	0	0	1	21	22	63
chr19	650296	651609	2	2	0	2	15	62
chr19	650296	651690	2	2	0	0	4	50
chr19	650297	651610	0	0	1	28	15	64
chr19	650297	651691	0	0	1	4	4	60
chr19	651823	652232	0	0	1	1	0	58
chr19	651856	652232	0	0	1	30	1	67
chr19	651916	652232	0	0	1	1	0	61
chr19	652296	652824	2	2	0	7	11	60
chr19	652297	652825	0	0	1	8	11	59
chr19	652884	663045	2	2	0	1	11	58
chr19	652885	663046	0	0	1	12	11	60
chr19	676527	677791	0	0	1	13	1	73
chr19	677977	680272	1	1	0	17	0	73
chr19	678083	680272	1	1	0	1	0	75
chr19	680489	681331	1	1	0	8	0	75
chr19	681561	681649	0	0	1	35	1	75
chr19	704914	708061	1	1	0	1	0	28
chr19	708161	726136	1	1	0	1	0	20
chr19	709152	726137	0	0	1	6	0	52
chr19	726190	727007	0	0	1	13	0	53
chr19	727088	727562	1	1	0	14	0	75
chr19	727694	731093	1	1	0	1	0	12
chr19	727695	731094	0	0	1	26	1	70
chr19	731245	734171	1	1	0	34	2	22
chr19	734194	736017	1	1	0	31	2	22
chr19	736078	740350	1	1	0	14	0	53
chr19	736078	746283	1	1	0	11	1	52
chr19	736078	746567	1	1	0	1	0	42
chr19	740483	746283	1	1	0	13	0	45
chr19	751171	756888	1	1	0	5	0	48
chr19	751171	759907	1	1	0	2	0	53
chr19	754809	756888	1	1	0	1	0	64
chr19	758727	759908	0	0	1	31	0	52
chr19	760039	761109	1	1	0	2	0	60
chr19	760039	761623	1	1	0	41	1	40
chr19	760039	763499	1	1	0	5	0	48
chr19	761232	761623	1	1	0	3	1	40
chr19	761663	763499	1	1	0	1	0	39
chr19	761664	763500	0	0	1	39	3	41
chr19	783331	784814	0	0	1	5	0	70
chr19	786551	786695	1	3	0	1	0	15
chr19	787301	818780	2	2	0	1	0	20
chr19	797505	799411	1	1	0	211	3	31
chr19	797505	803559	1	1	0	3	0	68
chr19	798545	799411	1	1	0	1	0	31
chr19	798738	799411	1	1	0	1	0	17
chr19	799443	803559	1	1	0	308	8	38
chr19	799443	803618	1	1	0	5	0	17
chr19	799444	808359	0	0	1	2	0	36
chr19	803636	804034	1	1	0	435	8	75
chr19	804208	804290	1	1	0	5	0	66
chr19	804209	804291	0	0	1	385	4	74
chr19	804438	804530	1	1	0	328	4	73
chr19	804439	804540	0	0	1	2	0	17
chr19	804702	804827	1	1	0	314	10	75
chr19	804939	805011	1	1	0	325	7	75
chr19	805187	805490	1	1	0	4	91	68
chr19	805187	805511	1	1	0	4	1	58
chr19	805187	806406	1	1	0	3	0	68
chr19	805188	805491	0	0	1	147	95	75
chr19	805188	806407	0	0	1	117	2	74
chr19	805569	806406	1	1	0	8	91	68
chr19	805570	806407	0	0	1	96	92	75
chr19	806556	807867	1	1	0	365	12	38
chr19	806556	807869	1	1	0	1	0	33
chr19	806556	808358	1	1	0	5	0	69
chr19	806556	808378	1	1	0	3	0	69
chr19	807902	808358	1	1	0	2	0	34
chr19	807903	808359	0	0	1	392	7	73
chr19	808452	808544	1	1	0	503	13	75
chr19	808763	810542	0	0	1	363	14	75
chr19	808866	811668	1	1	0	1	0	15
chr19	810620	810696	1	1	0	1	0	63
chr19	810621	810693	0	0	1	502	13	75
chr19	813638	813765	2	2	0	2	0	24
chr19	813896	814433	0	0	1	4	0	67
chr19	814608	814691	0	0	1	12	0	58
chr19	814749	814884	2	2	0	2	0	57
chr19	814750	814885	0	0	1	14	0	58
chr19	815082	815185	0	0	1	9	0	72
chr19	815328	815665	0	0	1	6	0	54
chr19	815852	821484	0	0	1	5	0	67
chr19	821560	1440346	1	1	0	6	0	14
chr19	821585	823613	2	2	0	1	0	69
chr19	821586	821914	0	0	1	1	0	45
chr19	827905	828229	0	0	1	43	0	69
chr19	828387	829561	0	0	1	41	0	73
chr19	829706	830706	1	1	0	41	1	75
chr19	830942	831715	0	0	1	54	1	75
chr19	841069	843459	1	1	0	1	0	34
chr19	841070	843460	0	0	1	17	0	75
chr19	843626	843891	1	1	0	22	0	75
chr19	844034	846145	1	1	0	35	9	74
chr19	846377	847807	1	1	0	3	0	70
chr19	846378	847798	0	0	1	56	1	75
chr19	852395	852874	1	1	0	2	0	73
chr19	852396	852875	0	0	1	67	3	74
chr19	853032	853260	1	1	0	160	5	73
chr19	853403	855562	1	1	0	131	11	75
chr19	855433	855562	1	1	0	1	0	72
chr19	855795	855957	0	0	1	160	3	74
chr19	859744	860615	1	1	0	9	1	67
chr19	860774	860860	0	0	1	33	0	75
chr19	861005	861697	1	1	0	41	2	75
chr19	861957	863091	0	0	1	21	0	73
chr19	864578	864907	1	1	0	1	0	58
chr19	868499	868861	2	2	0	1	2	57
chr19	868500	868862	0	0	1	12	3	73
chr19	868946	871035	2	2	0	0	2	57
chr19	868947	871036	0	0	1	9	2	75
chr19	871253	871924	2	2	0	15	1	69
chr19	872119	873448	0	0	1	9	0	67
chr19	873583	875243	0	0	1	10	0	70
chr19	875455	876973	0	0	1	19	0	71
chr19	875455	879936	0	0	1	1	0	64
chr19	877181	879936	0	0	1	12	0	65
chr19	880149	881558	0	0	1	19	3	75
chr19	881715	884902	0	0	1	25	0	64
chr19	885009	885769	0	0	1	21	1	71
chr19	886202	889637	0	0	1	13	0	75
chr19	889808	890136	0	0	1	10	0	73
chr19	890245	890962	0	0	1	17	1	73
chr19	891150	893085	0	0	1	8	0	66
chr19	897540	899438	2	2	0	25	2	57
chr19	898888	899438	2	2	0	1	0	57
chr19	899496	899600	0	0	1	31	2	73
chr19	899686	900059	2	2	0	1	0	33
chr19	899687	900060	0	0	1	25	1	72
chr19	900147	900828	0	0	1	31	1	61
chr19	900952	901420	2	2	0	2	0	21
chr19	900952	901974	2	2	0	3	0	41
chr19	900953	901421	0	0	1	38	0	74
chr19	901516	901974	2	2	0	2	0	71
chr19	901546	901974	2	2	0	19	1	72
chr19	902130	913085	2	2	0	28	0	65
chr19	902131	902241	0	0	1	1	0	31
chr19	902435	902518	0	0	1	2	0	24
chr19	902627	913085	2	2	0	1	0	74
chr19	915861	916866	2	2	0	1	0	24
chr19	918669	919489	0	0	1	2	0	22
chr19	919626	919873	0	0	1	1	0	23
chr19	920107	920289	0	0	1	1	0	69
chr19	925921	929261	0	0	1	1	0	11
chr19	926060	929261	0	0	1	5	4	49
chr19	926198	929261	0	0	1	7	2	75
chr19	929897	932417	0	0	1	18	0	71
chr19	932742	960090	1	1	0	26	0	74
chr19	941539	960090	1	1	0	4	0	55
chr19	943971	944102	2	2	0	1	0	73
chr19	959436	960090	1	1	0	1	0	63
chr19	960165	964247	0	0	1	34	0	66
chr19	964431	964831	1	1	0	54	2	74
chr19	964431	966570	1	1	0	3	0	47
chr19	965080	966570	1	1	0	27	0	73
chr19	966868	968403	1	1	0	62	2	74
chr19	968503	971876	1	1	0	1	0	66
chr19	968504	971877	0	0	1	63	1	70
chr19	983050	983160	1	1	0	2	0	36
chr19	983251	983961	0	0	1	3	0	33
chr19	984187	985864	0	0	1	0	1	34
chr19	984563	985863	1	1	0	1	10	34
chr19	984564	985864	0	0	1	50	11	75
chr19	985975	989760	1	1	0	1	11	37
chr19	985976	989761	0	0	1	35	14	75
chr19	989895	990221	1	1	0	104	5	75
chr19	990364	990733	1	1	0	1	0	42
chr19	990364	990850	1	1	0	46	0	75
chr19	990595	990850	1	1	0	1	0	58
chr19	990995	991079	1	1	0	49	2	66
chr19	991145	991225	1	1	0	3	5	22
chr19	991146	991226	0	0	1	60	6	67
chr19	991351	991953	1	1	0	8	5	20
chr19	991351	991993	1	1	0	1	0	23
chr19	991352	991954	0	0	1	53	5	74
chr19	992122	994018	0	0	1	42	1	68
chr19	994087	994210	1	1	0	48	0	72
chr19	1005011	1005354	1	1	0	1	0	35
chr19	1005552	1007625	1	1	0	2	0	55
chr19	1007971	1008138	0	0	1	2	0	56
chr19	1008018	1008174	2	2	0	5	0	73
chr19	1008290	1008615	1	1	0	1	0	41
chr19	1008290	1008854	1	1	0	1	0	26
chr19	1008781	1008854	1	1	0	3	0	39
chr19	1008926	1009170	1	1	0	6	1	60
chr19	1010895	1010989	0	0	1	6	0	50
chr19	1010895	1011094	0	0	1	84	1	75
chr19	1010895	1011365	0	0	1	1	0	35
chr19	1011095	1011365	0	0	1	3	0	67
chr19	1011194	1011364	2	2	0	1	1	62
chr19	1011195	1011365	0	0	1	53	3	73
chr19	1011498	1011577	2	2	0	1	0	34
chr19	1011499	1011578	0	0	1	66	2	72
chr19	1011612	1011739	0	0	1	30	1	57
chr19	1011663	1011739	0	0	1	53	0	57
chr19	1011797	1011889	2	2	0	85	2	69
chr19	1011991	1012063	2	2	0	1	0	13
chr19	1011992	1012064	0	0	1	84	2	75
chr19	1012188	1012461	0	0	1	38	0	75
chr19	1012573	1013239	0	0	1	65	2	75
chr19	1013340	1014190	0	0	1	101	5	72
chr19	1013358	1014190	0	0	1	1	0	15
chr19	1013383	1014189	2	2	0	2	0	58
chr19	1014317	1020770	0	0	1	3	0	73
chr19	1014472	1020769	2	2	0	1	0	26
chr19	1014473	1020770	0	0	1	59	1	74
chr19	1026723	1031068	1	1	0	196	2	75
chr19	1029439	1029478	1	1	0	1	0	38
chr19	1029793	1060612	1	1	0	1	0	26
chr19	1031191	1032389	1	1	0	386	12	67
chr19	1032457	1032556	1	1	0	311	14	70
chr19	1032457	1036127	1	1	0	1	0	57
chr19	1032663	1036128	0	0	1	1	0	11
chr19	1032695	1036127	1	1	0	1	0	46
chr19	1032695	1036413	1	1	0	24	0	72
chr19	1032696	1036065	0	0	1	2	0	68
chr19	1032696	1036128	0	0	1	253	6	75
chr19	1032865	1044023	2	2	0	0	1	15
chr19	1036245	1036356	1	1	0	1	0	49
chr19	1036245	1036413	1	1	0	325	15	75
chr19	1036548	1037622	1	1	0	2	0	73
chr19	1036550	1068610	1	1	0	0	1	12
chr19	1036561	1036896	1	1	0	1	0	70
chr19	1036561	1037622	1	1	0	4	1	69
chr19	1036562	1036877	0	0	1	5	0	66
chr19	1036562	1037623	0	0	1	354	9	75
chr19	1037000	1037623	0	0	1	1	0	13
chr19	1038483	1084235	1	1	0	0	1	12
chr19	1040195	1041222	1	1	0	8	1	60
chr19	1041427	1041508	0	0	1	6	1	43
chr19	1041427	1041514	0	0	1	0	1	3
chr19	1041603	1041829	0	0	1	13	0	70
chr19	1041972	1042062	0	0	1	10	1	56
chr19	1042175	1042312	1	1	0	7	1	74
chr19	1042397	1042744	0	0	1	4	0	73
chr19	1042825	1043038	1	1	0	12	0	75
chr19	1043251	1043332	0	0	1	17	1	72
chr19	1043473	1043723	0	0	1	9	0	47
chr19	1043840	1044574	1	1	0	11	1	71
chr19	1043840	1044999	1	1	0	1	0	44
chr19	1044743	1044999	1	1	0	5	0	62
chr19	1045231	1046228	0	0	1	11	1	73
chr19	1046394	1053598	1	1	0	1	0	14
chr19	1046406	1046800	0	0	1	11	0	59
chr19	1047023	1047154	1	1	0	9	0	74
chr19	1047377	1047450	1	1	0	6	0	75
chr19	1047654	1048893	0	0	1	8	0	71
chr19	1049004	1049263	1	1	0	9	0	71
chr19	1049004	1049315	1	1	0	1	0	68
chr19	1049437	1050919	0	0	1	14	1	73
chr19	1049474	1049700	2	2	0	1	0	23
chr19	1051052	1051153	0	0	1	5	0	75
chr19	1051293	1051446	1	1	0	1	1	66
chr19	1051294	1051447	0	0	1	5	1	70
chr19	1051586	1051940	0	0	1	13	1	75
chr19	1052125	1052211	1	1	0	0	8	35
chr19	1052126	1052212	0	0	1	13	9	73
chr19	1052285	1053326	1	1	0	0	8	61
chr19	1052286	1053327	0	0	1	8	8	60
chr19	1053530	1053785	1	1	0	12	0	49
chr19	1053835	1054003	1	1	0	15	1	51
chr19	1054109	1054190	1	1	0	2	0	75
chr19	1054340	1054567	1	1	0	6	0	67
chr19	1054340	1054777	1	1	0	1	0	55
chr19	1054693	1054777	1	1	0	8	0	61
chr19	1054878	1055095	0	0	1	11	1	66
chr19	1055350	1055904	1	1	0	12	1	34
chr19	1055938	1056063	1	1	0	10	0	33
chr19	1055939	1056064	0	0	1	4	1	34
chr19	1056242	1056327	1	1	0	20	0	73
chr19	1056242	1056415	1	1	0	2	0	66
chr19	1056499	1056905	0	0	1	25	0	75
chr19	1057083	1057311	1	1	0	23	0	70
chr19	1057428	1057912	1	1	0	17	0	64
chr19	1057428	1057966	1	1	0	4	0	75
chr19	1057428	1058143	1	1	0	3	0	64
chr19	1058058	1058143	1	1	0	15	2	75
chr19	1058269	1058616	0	0	1	13	0	72
chr19	1058747	1058818	0	0	1	19	1	63
chr19	1058940	1059021	0	0	1	39	0	74
chr19	1059084	1061779	1	1	0	24	0	64
chr19	1061887	1062169	1	1	0	12	1	68
chr19	1061887	1063541	1	1	0	1	0	39
chr19	1062312	1063541	1	1	0	10	0	75
chr19	1062312	1064158	1	1	0	1	0	63
chr19	1063678	1063758	0	0	1	4	0	70
chr19	1063862	1064158	1	1	0	9	0	75
chr19	1063898	1064158	1	1	0	1	0	12
chr19	1064252	1064928	1	1	0	23	0	71
chr19	1065170	1065267	1	1	0	1	0	27
chr19	1065171	1065268	0	0	1	31	1	59
chr19	1065171	1065289	0	0	1	1	0	70
chr19	1066163	1068412	0	0	1	6	0	40
chr19	1067495	1068412	0	0	1	35	2	74
chr19	1068743	1073143	1	1	0	3	0	71
chr19	1068743	1073146	1	1	0	27	0	71
chr19	1073291	1073503	1	1	0	31	2	75
chr19	1073589	1073671	1	1	0	42	3	71
chr19	1073745	1073945	1	1	0	32	1	68
chr19	1074014	1074102	0	0	1	41	2	71
chr19	1074240	1074340	1	1	0	34	1	65
chr19	1074406	1074611	1	1	0	40	1	66
chr19	1074723	1074796	1	1	0	33	0	72
chr19	1074878	1077854	1	1	0	34	0	73
chr19	1078045	1079701	0	0	1	65	2	73
chr19	1079840	1079926	0	0	1	54	2	75
chr19	1080118	1080253	0	0	1	51	1	75
chr19	1080378	1080461	1	1	0	63	2	65
chr19	1080547	1080680	0	0	1	76	1	75
chr19	1080785	1080889	1	1	0	26	2	74
chr19	1081063	1081547	1	1	0	49	0	73
chr19	1081737	1081821	1	1	0	1	0	18
chr19	1081738	1081822	0	0	1	44	3	73
chr19	1081960	1082837	1	1	0	58	1	75
chr19	1083065	1084235	1	1	0	1	0	24
chr19	1083066	1083141	0	0	1	43	0	70
chr19	1083352	1083923	1	1	0	1	0	50
chr19	1083353	1084236	0	0	1	42	5	70
chr19	1084345	1085657	1	1	0	48	2	75
chr19	1088720	1089470	0	0	1	155	4	75
chr19	1089550	1089881	2	2	0	5	0	69
chr19	1089551	1089882	0	0	1	108	4	75
chr19	1089961	1090084	2	2	0	93	1	60
chr19	1090144	1093901	2	2	0	1	0	31
chr19	1090145	1090906	0	0	1	98	3	60
chr19	1090988	1091790	0	0	1	138	5	75
chr19	1091906	1094052	2	2	0	1	0	20
chr19	1091907	1093902	0	0	1	148	4	74
chr19	1091907	1095257	0	0	1	1	1	23
chr19	1093894	1095256	2	2	0	1	0	68
chr19	1094078	1095257	0	0	1	95	1	74
chr19	1104126	1105183	1	1	0	215	10	74
chr19	1104928	1105183	1	1	0	9	1	72
chr19	1105273	1105363	1	1	0	2	0	16
chr19	1105279	1105363	1	1	0	2	0	44
chr19	1105280	1105364	0	0	1	628	13	75
chr19	1105465	1152547	1	1	0	0	1	14
chr19	1105509	1105655	1	1	0	3	0	74
chr19	1105510	1105656	0	0	1	691	15	74
chr19	1105808	1106239	1	1	0	758	30	28
chr19	1105808	1106397	1	1	0	6	0	61
chr19	1105809	1106179	0	0	1	11	0	68
chr19	1106265	1106375	1	1	0	11	0	25
chr19	1106265	1106397	1	1	0	887	33	56
chr19	1106266	1106398	0	0	1	5	0	26
chr19	1106458	1106537	1	1	0	12	0	60
chr19	1106458	1106570	1	1	0	4	0	60
chr19	1106459	1106538	0	0	1	916	28	70
chr19	1108704	1108777	0	0	1	11	0	74
chr19	1108968	1109132	2	2	0	0	3	41
chr19	1108969	1109133	0	0	1	7	3	75
chr19	1109210	1109289	2	2	0	0	5	64
chr19	1109211	1109290	0	0	1	12	5	73
chr19	1109422	1109503	2	2	0	3	2	67
chr19	1109423	1109504	0	0	1	24	4	73
chr19	1109598	1109681	0	0	1	24	2	74
chr19	1109777	1110743	0	0	1	28	1	73
chr19	1110888	1111017	0	0	1	26	1	69
chr19	1111093	1111504	0	0	1	25	0	70
chr19	1111614	1111994	0	0	1	34	1	72
chr19	1112066	1112186	2	2	0	1	1	71
chr19	1112067	1112187	0	0	1	32	3	72
chr19	1112300	1112399	2	2	0	0	1	15
chr19	1112301	1112400	0	0	1	10	1	71
chr19	1112537	1112816	0	0	1	13	3	71
chr19	1112949	1113533	0	0	1	22	0	59
chr19	1113704	1114229	0	0	1	16	0	60
chr19	1114421	1116018	2	2	0	39	1	74
chr19	1116102	1116826	2	2	0	24	0	75
chr19	1116926	1117321	0	0	1	25	1	72
chr19	1117499	1119009	0	0	1	12	1	69
chr19	1119163	1119513	2	2	0	1	5	33
chr19	1119164	1119514	0	0	1	16	7	59
chr19	1119620	1119903	2	2	0	0	5	32
chr19	1119620	1122465	2	2	0	3	0	51
chr19	1119621	1119904	0	0	1	10	6	70
chr19	1120022	1122136	2	2	0	11	0	74
chr19	1122282	1122466	0	0	1	16	1	75
chr19	1122557	1122655	2	2	0	1	0	36
chr19	1122558	1122656	0	0	1	22	1	71
chr19	1122791	1122892	0	0	1	12	0	73
chr19	1123044	1123531	2	2	0	22	3	74
chr19	1123638	1123939	2	2	0	1	0	19
chr19	1123639	1123940	0	0	1	13	1	69
chr19	1124022	1127602	0	0	1	23	0	75
chr19	1127764	1147306	2	2	0	1	0	26
chr19	1127765	1132088	0	0	1	1	0	70
chr19	1127765	1147307	0	0	1	16	0	67
chr19	1147420	1149367	0	0	1	17	1	72
chr19	1149442	1154182	0	0	1	15	0	74
chr19	1154402	1168692	0	0	1	3	0	64
chr19	1154402	1174170	0	0	1	15	1	75
chr19	1173134	1174557	1	1	0	1	0	50
chr19	1207202	1216265	1	1	0	4	0	27
chr19	1207203	1218415	0	0	1	71	3	75
chr19	1212528	1218414	1	1	0	1	0	29
chr19	1216398	1218415	0	0	1	4	0	57
chr19	1218500	1219322	0	0	1	1	0	15
chr19	1219413	1220371	0	0	1	55	7	75
chr19	1220504	1220578	1	1	0	2	3	61
chr19	1220505	1220579	0	0	1	27	3	74
chr19	1220716	1221210	1	1	0	64	0	72
chr19	1221339	1221663	1	1	0	1	0	50
chr19	1221339	1221693	1	1	0	2	0	55
chr19	1221339	1221946	1	1	0	2	1	44
chr19	1221340	1221947	0	0	1	80	2	60
chr19	1221845	1221946	1	1	0	1	0	61
chr19	1222005	1222982	1	1	0	57	4	59
chr19	1223172	1223636	0	0	1	3	0	53
chr19	1223172	1226452	0	0	1	56	0	71
chr19	1223172	1226457	0	0	1	2	0	58
chr19	1226662	1227590	1	1	0	43	2	71
chr19	1230142	1231099	0	0	1	2	0	39
chr19	1231275	1233424	0	0	1	4	0	67
chr19	1233636	1234189	0	0	1	3	0	21
chr19	1234290	1234569	0	0	1	1	0	31
chr19	1234331	1234569	0	0	1	1	0	45
chr19	1234742	1234999	0	0	1	2	0	50
chr19	1235145	1235499	0	0	1	2	0	34
chr19	1235565	1235777	0	0	1	4	0	52
chr19	1235918	1235994	0	0	1	3	0	65
chr19	1236120	1237753	2	2	0	2	0	17
chr19	1241990	1242453	1	1	0	1	0	55
chr19	1241991	1242454	0	0	1	102	2	75
chr19	1242608	1244094	1	1	0	136	5	75
chr19	1244184	1244312	1	1	0	4	0	67
chr19	1244184	1244316	1	1	0	1	0	62
chr19	1244185	1244313	0	0	1	213	8	75
chr19	1244439	1244734	1	1	0	74	1	75
chr19	1248659	1249887	1	1	0	12	0	61
chr19	1250528	1251559	1	1	0	42	3	75
chr19	1251648	1251836	1	1	0	42	2	65
chr19	1251900	1253951	1	1	0	15	0	64
chr19	1251900	1254164	1	1	0	1	0	63
chr19	1251901	1254165	0	0	1	36	0	65
chr19	1253497	1254164	1	1	0	1	0	62
chr19	1254082	1254165	0	0	1	8	0	47
chr19	1254477	1254899	1	1	0	43	1	72
chr19	1254477	1254902	1	1	0	15	1	74
chr19	1255060	1255419	1	1	0	1	0	32
chr19	1255061	1255420	0	0	1	61	0	74
chr19	1255693	1256992	1	1	0	1	0	28
chr19	1255694	1256993	0	0	1	49	0	74
chr19	1261640	1262037	1	1	0	1	0	65
chr19	1264463	1270926	0	0	1	2	0	17
chr19	1269410	1270865	0	0	1	16	0	62
chr19	1269410	1270926	0	0	1	151	14	70
chr19	1269915	1270926	0	0	1	0	8	4
chr19	1270882	1270926	0	0	1	0	8	4
chr19	1271035	1271137	1	1	0	303	18	75
chr19	1271035	1271326	1	1	0	2	0	66
chr19	1271036	1271138	0	0	1	1	1	4
chr19	1271245	1271326	1	1	0	282	8	75
chr19	1271467	1271549	0	0	1	5	0	64
chr19	1271631	1271978	1	1	0	87	3	74
chr19	1272050	1272424	1	1	0	133	5	75
chr19	1272051	1274305	0	0	1	23	1	64
chr19	1273715	1274305	0	0	1	3	1	75
chr19	1274440	1274647	0	0	1	32	0	70
chr19	1275830	1277181	0	0	1	72	0	70
chr19	1276103	1277181	0	0	1	18	1	74
chr19	1276673	1277181	0	0	1	1	0	60
chr19	1277298	1278774	1	1	0	84	2	75
chr19	1285584	1295542	1	1	0	1	0	51
chr19	1286308	1295543	0	0	1	3	0	57
chr19	1295857	1298548	1	1	0	7	0	57
chr19	1298615	1299821	1	1	0	9	1	66
chr19	1331371	1344067	2	2	0	0	1	23
chr19	1355135	1356322	0	0	1	3	0	66
chr19	1356448	1357006	1	1	0	1	0	20
chr19	1356449	1357007	0	0	1	44	1	73
chr19	1357093	1358391	1	1	0	34	2	61
chr19	1358463	1360133	1	1	0	23	0	71
chr19	1358464	1358586	0	0	1	14	1	72
chr19	1358692	1360133	1	1	0	4	0	53
chr19	1358699	1360133	1	1	0	3	0	43
chr19	1360257	1360625	1	1	0	1	0	52
chr19	1361031	1362247	1	1	0	26	1	75
chr19	1362350	1364506	1	1	0	35	4	72
chr19	1362350	1369262	1	1	0	1	0	66
chr19	1364579	1366303	0	0	1	31	4	68
chr19	1366380	1367157	1	1	0	31	2	61
chr19	1367219	1369262	1	1	0	34	2	62
chr19	1368862	1368904	2	2	0	1	0	57
chr19	1369068	1369262	1	1	0	1	0	12
chr19	1369340	1369594	0	0	1	37	1	51
chr19	1369646	1370640	0	0	1	39	0	51
chr19	1371077	1373069	1	1	0	3	9	57
chr19	1371078	1373070	0	0	1	23	9	73
chr19	1371518	1373069	1	1	0	1	0	39
chr19	1373159	1373945	1	1	0	2	0	61
chr19	1373159	1376142	1	1	0	2	0	53
chr19	1373159	1376516	1	1	0	1	9	56
chr19	1373160	1376517	0	0	1	17	11	64
chr19	1374049	1376517	0	0	1	1	0	21
chr19	1374371	1376517	0	0	1	1	0	66
chr19	1383941	1387808	1	1	0	29	0	37
chr19	1384155	1387808	1	1	0	1	0	37
chr19	1387846	1388522	1	1	0	63	0	37
chr19	1388592	1388830	1	1	0	92	1	70
chr19	1388937	1390868	1	1	0	110	3	75
chr19	1391049	1391116	1	1	0	1	0	32
chr19	1391050	1391117	0	0	1	139	4	49
chr19	1391164	1393239	1	1	0	137	3	53
chr19	1393330	1395389	0	0	1	62	2	75
chr19	1393606	1393886	0	0	1	5	0	49
chr19	1394205	1394801	2	2	0	2	0	43
chr19	1394357	1394802	0	0	1	3	0	67
chr19	1397499	1398914	0	0	1	46	0	72
chr19	1399026	1399126	0	0	1	56	5	68
chr19	1399194	1399521	2	2	0	6	28	65
chr19	1399195	1399522	0	0	1	26	28	67
chr19	1399586	1399746	2	2	0	1	0	12
chr19	1399586	1399790	2	2	0	2	26	63
chr19	1399587	1399791	0	0	1	30	29	66
chr19	1399938	1401294	0	0	1	18	3	74
chr19	1407801	1416454	1	1	0	0	1	14
chr19	1407801	1417497	1	1	0	1	0	26
chr19	1407801	1432511	1	1	0	1	0	71
chr19	1407802	1416455	0	0	1	0	1	15
chr19	1407802	1417498	0	0	1	162	8	40
chr19	1409375	1409895	1	1	0	2	0	48
chr19	1410079	1417498	0	0	1	1	0	34
chr19	1416554	1417497	1	1	0	0	1	38
chr19	1416555	1417498	0	0	1	5	2	40
chr19	1416702	1417497	1	1	0	5	0	40
chr19	1417192	1417497	1	1	0	1	0	40
chr19	1417252	1417497	1	1	0	1	0	41
chr19	1417539	1418201	1	1	0	147	4	58
chr19	1417539	1418203	1	1	0	1	0	40
chr19	1418369	1418663	1	1	0	231	13	66
chr19	1418730	1421145	1	1	0	163	8	66
chr19	1418730	1421148	1	1	0	55	2	66
chr19	1421257	1422345	1	1	0	9	209	50
chr19	1421258	1422346	0	0	1	112	221	56
chr19	1422395	1423417	1	1	0	1	0	46
chr19	1422395	1425875	1	1	0	21	208	50
chr19	1422395	1428839	1	1	0	1	9	48
chr19	1422396	1425876	0	0	1	128	216	51
chr19	1422396	1428840	0	0	1	0	9	50
chr19	1425960	1428840	0	0	1	215	32	75
chr19	1425961	1428839	1	1	0	1	1	60
chr19	1428994	1429964	1	1	0	9	223	32
chr19	1428994	1430219	1	1	0	2	0	71
chr19	1428995	1429965	0	0	1	93	227	31
chr19	1429995	1430219	1	1	0	13	224	29
chr19	1429996	1430220	0	0	1	35	227	33
chr19	1430362	1432512	0	0	1	223	10	75
chr19	1432689	1433736	1	1	0	0	2	37
chr19	1432689	1434734	1	1	0	109	4	75
chr19	1432690	1433737	0	0	1	4	2	49
chr19	1432690	1434738	0	0	1	38	0	68
chr19	1433826	1434734	1	1	0	4	0	26
chr19	1433826	1434737	1	1	0	0	2	30
chr19	1433827	1434738	0	0	1	2	2	50
chr19	1438427	1438808	1	1	0	6	0	50
chr19	1438428	1438805	0	0	1	651	50	56
chr19	1438580	1438805	0	0	1	10	38	57
chr19	1438891	1439713	1	1	0	1	0	38
chr19	1438891	1439941	1	1	0	1	0	26
chr19	1438891	1440016	1	1	0	1775	82	75
chr19	1438891	1440023	1	1	0	4	0	56
chr19	1438892	1439604	0	0	1	4	1	70
chr19	1438892	1439966	0	0	1	1	1	62
chr19	1439825	1440016	1	1	0	2	0	52
chr19	1440240	1440346	1	1	0	7	1	69
chr19	1440252	1440346	1	1	0	3231	98	75
chr19	1453142	1453245	0	0	1	1	0	40
chr19	1453336	1453428	1	1	0	1	0	75
chr19	1456404	1456851	0	0	1	1	0	5
chr19	1461823	1478651	2	2	0	1	0	48
chr19	1461824	1478772	0	0	1	3	0	38
chr19	1475258	1478772	0	0	1	5	0	75
chr19	1478905	1479161	0	0	1	6	0	64
chr19	1481219	1489313	1	1	0	1	0	52
chr19	1482207	1482351	0	0	1	5	0	72
chr19	1482475	1482894	0	0	1	4	0	72
chr19	1483020	1483282	0	0	1	1	1	68
chr19	1483462	1483647	2	2	0	1	0	66
chr19	1483767	1483836	0	0	1	2	0	52
chr19	1483940	1484024	2	2	0	6	0	48
chr19	1487313	1487783	0	0	1	2	0	65
chr19	1487691	1487783	0	0	1	1	0	49
chr19	1487860	1487961	2	2	0	4	0	38
chr19	1488092	1488186	0	0	1	5	0	36
chr19	1488280	1489791	0	0	1	2	0	63
chr19	1489897	1490156	0	0	1	4	0	69
chr19	1491384	1495292	0	0	1	30	4	71
chr19	1495386	1495466	1	1	0	29	3	62
chr19	1495606	1496282	1	1	0	10	0	66
chr19	1496452	1497171	1	1	0	30	1	75
chr19	1506661	1506737	0	0	1	2	0	72
chr19	1506927	1507554	2	2	0	1	0	64
chr19	1506928	1507240	0	0	1	4	0	71
chr19	1507404	1507542	2	2	0	1	0	53
chr19	1507405	1507555	0	0	1	4	0	74
chr19	1507643	1507996	0	0	1	1	0	50
chr19	1508108	1508440	2	2	0	2	0	25
chr19	1508570	1510148	0	0	1	1	0	73
chr19	1510257	1510365	2	2	0	4	0	39
chr19	1510428	1510637	0	0	1	5	0	63
chr19	1510733	1510843	0	0	1	1	0	22
chr19	1510917	1511034	0	0	1	1	0	56
chr19	1510917	1511623	0	0	1	1	0	62
chr19	1529490	1529745	0	0	1	1	0	54
chr19	1531883	1533929	0	0	1	1	0	47
chr19	1541502	1546057	2	2	0	0	1	53
chr19	1556923	1567462	0	0	1	35	0	74
chr19	1564402	1590166	1	1	0	0	1	13
chr19	1578158	1578333	0	0	1	46	1	75
chr19	1578533	1581089	2	2	0	1	0	38
chr19	1578537	1579218	2	2	0	1	0	20
chr19	1578538	1581090	0	0	1	46	2	74
chr19	1581268	1582619	2	2	0	1	0	28
chr19	1581269	1582620	0	0	1	48	1	75
chr19	1582712	1584538	0	0	1	40	0	73
chr19	1583380	1584538	0	0	1	1	0	46
chr19	1584676	1585052	2	2	0	1	0	40
chr19	1584677	1585053	0	0	1	60	1	75
chr19	1584704	1585052	2	2	0	1	0	21
chr19	1585213	1586053	2	2	0	4	0	73
chr19	1585213	1591493	2	2	0	1	0	64
chr19	1585214	1585903	0	0	1	1	0	11
chr19	1585214	1592520	0	0	1	6	0	66
chr19	1585214	1592616	0	0	1	16	0	75
chr19	1585214	1599410	0	0	1	1	0	61
chr19	1593370	1666306	1	1	0	2	0	18
chr19	1598214	1599409	2	2	0	1	0	67
chr19	1598215	1599410	0	0	1	172	6	75
chr19	1598326	1599410	0	0	1	0	2	4
chr19	1599559	1599985	2	2	0	1	0	59
chr19	1599559	1605357	2	2	0	1	0	72
chr19	1599559	1605565	2	2	0	1	0	52
chr19	1599560	1602035	0	0	1	1	0	47
chr19	1599560	1605358	0	0	1	183	5	74
chr19	1601942	1604802	2	2	0	1	0	67
chr19	1602426	1605358	0	0	1	1	0	56
chr19	1609599	1611702	0	0	1	2	0	58
chr19	1610500	1611702	0	0	1	11	0	69
chr19	1611369	1611702	0	0	1	39	0	75
chr19	1611848	1612211	2	2	0	1	0	48
chr19	1611849	1612205	0	0	1	30	3	73
chr19	1611849	1615283	0	0	1	32	4	69
chr19	1612429	1615282	2	2	0	1	0	26
chr19	1612430	1615684	0	0	1	11	0	64
chr19	1612433	1615283	0	0	1	3	0	63
chr19	1612433	1615684	0	0	1	42	0	71
chr19	1615485	1615684	0	0	1	2	0	27
chr19	1615520	1615684	0	0	1	55	1	73
chr19	1615820	1619108	2	2	0	0	2	14
chr19	1615821	1619109	0	0	1	67	5	69
chr19	1619233	1619313	2	2	0	1	4	45
chr19	1619234	1619314	0	0	1	50	4	72
chr19	1619470	1619777	2	2	0	8	1	72
chr19	1619474	1619778	0	0	1	70	1	75
chr19	1619852	1620965	2	2	0	3	0	73
chr19	1619853	1620966	0	0	1	84	2	75
chr19	1621046	1621131	0	0	1	68	0	59
chr19	1621190	1621835	2	2	0	1	0	57
chr19	1621191	1621836	0	0	1	61	1	59
chr19	1621970	1622052	0	0	1	22	0	75
chr19	1622223	1622311	0	0	1	41	0	72
chr19	1622414	1623948	2	2	0	4	0	51
chr19	1622415	1623949	0	0	1	39	0	51
chr19	1624000	1625574	0	0	1	30	2	50
chr19	1625707	1627356	2	2	0	2	27	69
chr19	1625708	1627357	0	0	1	29	29	68
chr19	1627425	1632035	2	2	0	2	24	67
chr19	1627425	1646352	2	2	0	3	3	67
chr19	1627426	1631949	0	0	1	2	0	68
chr19	1627426	1632036	0	0	1	13	24	69
chr19	1627426	1646353	0	0	1	4	3	56
chr19	1632116	1632330	0	0	1	43	2	73
chr19	1632404	1646352	2	2	0	2	0	48
chr19	1632404	1650174	2	2	0	1	1	34
chr19	1632405	1646353	0	0	1	47	1	73
chr19	1639733	1646352	2	2	0	1	0	54
chr19	1646427	1650175	0	0	1	62	1	75
chr19	1650286	1652297	2	2	0	2	0	48
chr19	1650287	1652298	0	0	1	10	0	67
chr19	1650289	1652297	2	2	0	1	0	46
chr19	1748341	1748511	0	0	1	1	0	74
chr19	1784945	1785156	2	2	0	1	0	72
chr19	1785297	1785467	0	0	1	3	0	70
chr19	1789119	1789358	2	2	0	1	0	65
chr19	1800154	1800256	2	2	0	11	0	70
chr19	1800449	1801954	0	0	1	3	1	54
chr19	1802044	1802485	0	0	1	3	0	48
chr19	1802645	1805372	0	0	1	8	0	69
chr19	1805455	1805885	2	2	0	2	0	49
chr19	1805957	1806094	2	2	0	2	0	61
chr19	1806168	1806374	2	2	0	1	0	71
chr19	1806169	1806626	0	0	1	2	0	62
chr19	1806689	1807166	0	0	1	2	0	40
chr19	1807266	1808220	0	0	1	5	0	66
chr19	1808335	1809641	0	0	1	1	0	13
chr19	1809734	1810620	0	0	1	2	0	34
chr19	1810683	1811487	0	0	1	1	0	62
chr19	1810683	1811599	0	0	1	1	0	63
chr19	1811884	1812184	0	0	1	2	0	54
chr19	1816154	1816223	0	0	1	10	0	74
chr19	1816344	1816695	2	2	0	1	0	45
chr19	1816345	1816429	0	0	1	23	1	71
chr19	1816569	1816696	0	0	1	25	1	74
chr19	1816813	1817217	0	0	1	17	0	74
chr19	1817329	1817705	0	0	1	8	0	64
chr19	1817458	1817705	0	0	1	1	0	42
chr19	1817780	1818480	0	0	1	12	0	72
chr19	1818594	1818703	2	2	0	16	0	75
chr19	1818843	1819016	0	0	1	11	0	60
chr19	1819130	1819931	2	2	0	15	0	75
chr19	1820057	1820262	0	0	1	21	0	74
chr19	1820180	1820262	0	0	1	4	0	23
chr19	1820395	1821517	0	0	1	21	0	69
chr19	1821682	1823570	0	0	1	8	0	75
chr19	1823785	1825837	0	0	1	10	0	60
chr19	1824573	1825836	2	2	0	1	0	32
chr19	1825943	1826876	0	0	1	14	0	50
chr19	1828630	1848199	2	2	0	1	0	57
chr19	1828631	1848200	0	0	1	5	0	70
chr19	1830866	1848200	0	0	1	1	0	29
chr19	1854760	1863039	0	0	1	14	0	68
chr19	1877424	1877505	2	2	0	13	0	52
chr19	1877687	1879919	0	0	1	23	0	73
chr19	1880114	1885349	2	2	0	2	0	59
chr19	1880115	1881233	0	0	1	28	1	68
chr19	1881804	1885350	0	0	1	9	0	75
chr19	1905438	1912078	1	1	0	1	0	36
chr19	1905439	1914977	0	0	1	12	0	47
chr19	1915025	1917691	1	1	0	18	0	48
chr19	1917821	1918124	1	1	0	17	1	68
chr19	1918282	1918886	1	1	0	37	0	73
chr19	1918989	1923067	1	1	0	14	1	69
chr19	1920850	1923067	1	1	0	1	0	55
chr19	1923187	1924106	0	0	1	23	2	64
chr19	1925911	1925911	0	0	1	9	0	75
chr19	1941417	1968788	1	1	0	1	0	22
chr19	1941417	1969505	1	1	0	8	1	70
chr19	1969958	1975106	1	1	0	1	0	43
chr19	1969958	1978302	1	1	0	0	31	42
chr19	1969959	1978303	0	0	1	34	32	59
chr19	1976113	1978302	1	1	0	2	0	42
chr19	1978344	1978439	1	1	0	1	30	40
chr19	1978345	1978440	0	0	1	10	31	42
chr19	1978510	1978599	1	1	0	22	10	69
chr19	1978749	1978856	1	1	0	34	1	75
chr19	1978749	1978910	1	1	0	1	0	70
chr19	1979092	1979160	1	1	0	50	3	75
chr19	1979248	1979317	0	0	1	40	3	69
chr19	1979402	1979492	1	1	0	34	0	73
chr19	1979642	1979749	1	1	0	47	2	72
chr19	1979834	1979908	1	1	0	1	0	56
chr19	1979835	1979909	0	0	1	41	7	73
chr19	1980016	1980146	1	1	0	33	4	74
chr19	1981480	1981711	1	1	0	1	0	60
chr19	1981799	1982596	1	1	0	1	0	38
chr19	1982716	1984309	1	1	0	1	0	12
chr19	1986648	1986827	2	2	0	1	0	48
chr19	1986649	1986828	0	0	1	60	2	73
chr19	1986976	1987164	0	0	1	68	2	75
chr19	1987244	1987497	2	2	0	1	0	71
chr19	1987252	1987497	2	2	0	1	0	72
chr19	1987253	1987498	0	0	1	65	0	75
chr19	1987692	1990002	0	0	1	26	1	75
chr19	1990201	1990715	0	0	1	42	2	73
chr19	1990821	1991874	2	2	0	1	0	43
chr19	1990821	1993017	2	2	0	2	0	40
chr19	1990822	1993018	0	0	1	51	2	71
chr19	1992055	1993017	2	2	0	1	0	49
chr19	1993175	1997341	2	2	0	37	1	75
chr19	1997462	2000346	2	2	0	1	0	36
chr19	1997462	2028705	2	2	0	1	0	65
chr19	1997463	2015295	0	0	1	23	0	75
