baseMean	log2FoldChange	lfcSE	stat	pvalue	padj
ENSG00000011304.12	2998.49758032775	3.26622608790352	0.0723226640807375	45.1618608000565	0	0
ENSG00000099864.13	2161.69650604553	-4.62393999281543	0.0906170361426866	-51.0272702534049	0	0
ENSG00000115266.7	3017.44989295856	-7.05378951868257	0.137852619297236	-51.169064139966	0	0
ENSG00000064666.10	1072.89978983826	4.17018455015718	0.140176465956205	29.7495340727171	1.75837083917748e-194	4.57176418186146e-193
ENSG00000099622.9	2100.37430857016	-1.64389129284508	0.0676306198445328	-24.3069085663269	1.6568573643055e-130	3.44626331775545e-129
ENSG00000071564.10	1007.77453230234	2.5241511525319	0.108088882087038	23.3525511948523	1.29831144774505e-120	2.25040650942475e-119
ENSG00000160953.10	1137.13440983068	-1.86944480446979	0.0907922462982796	-20.5903574444904	3.34889256619206e-94	4.97549752691391e-93
ENSG00000116017.6	552.692092489139	3.41809767627965	0.16684109895147	20.4871443412987	2.80362881894828e-93	3.64471746463277e-92
ENSG00000099822.2	599.436734529463	-2.68764844975922	0.141984960504268	-18.9291065773014	6.56666274570586e-80	7.58814361726011e-79
ENSG00000180448.6	541.47130243439	2.63318531883042	0.149794844038175	17.5786111714189	3.59269071303894e-69	3.7363983415605e-68
ENSG00000071626.12	1447.76911625924	1.40275033821668	0.0813003409328835	17.2539293454465	1.04541568904979e-66	9.88393015101624e-66
ENSG00000133243.4	1153.32162881935	-1.4754059872974	0.0872078765632577	-16.9182652466855	3.30008286344718e-64	2.86007181498756e-63
ENSG00000167470.8	1340.07234431304	1.42385927931767	0.0884001870046666	16.1069713488559	2.27916867975392e-58	1.82333494380314e-57
ENSG00000064932.11	554.851177084986	2.38902955356039	0.150398938646191	15.8846171061122	8.09909880538162e-57	6.01647339828349e-56
ENSG00000129946.6	263.240790235816	-2.74468024096501	0.197702460978705	-13.8828835381095	8.04415342540212e-44	5.5772797082788e-43
ENSG00000129968.11	838.418327072139	-1.41372093670158	0.107362834864907	-13.167693815839	1.34648049360851e-39	8.75212320845529e-39
ENSG00000183186.6	128.993199912987	-3.99297532472586	0.325608688415842	-12.2631104966902	1.42907031679393e-34	8.74254782038639e-34
ENSG00000070404.5	267.265401662112	2.25839595710014	0.205489732079849	10.9903104853072	4.25459957692076e-28	2.45821308888755e-27
ENSG00000115268.5	2111.08191289132	0.765074847891377	0.0711669877673529	10.750417741333	5.89938273602878e-27	3.22913581340523e-26
ENSG00000167468.12	1915.81538761741	-0.696756945246356	0.0701950495921968	-9.92601257915218	3.208295975428e-23	1.66831390722256e-22
ENSG00000115286.15	735.3006568022	-1.06630810685062	0.113162165089043	-9.42283232219513	4.3908095716614e-21	2.17449616882279e-20
ENSG00000099625.8	192.278200026013	-2.05656521914627	0.236771002806662	-8.68588296188271	3.75811693199046e-18	1.77656436785004e-17
ENSG00000197561.2	79.5468701765783	4.15185790363723	0.517229892486014	8.02710354516005	9.98008483436732e-16	4.51273401206175e-15
ENSG00000064687.8	566.220566595511	1.06822172789691	0.133255084528387	8.01636749304935	1.08918308112457e-15	4.71979335153981e-15
ENSG00000129951.14	169.963875323488	-1.72853579911413	0.232302510521118	-7.44088299018616	1.00014507086072e-13	4.16060349478058e-13
ENSG00000118046.10	930.329220856953	-0.725632147325468	0.0978828884157323	-7.41326864245702	1.23223918709261e-13	4.92895674837043e-13
ENSG00000099624.3	1125.55610675365	-0.643230046061971	0.0937941270062574	-6.8578925631352	6.9883782296448e-12	2.64321520802991e-11
ENSG00000197766.3	93.9347231750148	2.58533156659959	0.377128925215068	6.85529906019601	7.11634863700361e-12	2.64321520802991e-11
ENSG00000172232.5	57.1038977253103	3.51560147406152	0.540390493870556	6.50566861174956	7.73485707275228e-11	2.77387977781461e-10
ENSG00000099812.6	134.36062722296	8.56879045498487	1.46019942449606	5.86823300381871	4.40463978631777e-09	1.52694179259016e-08
ENSG00000127540.7	444.428365569037	-0.779469828768324	0.136799840183738	-5.69788552180622	1.21302454519948e-08	4.06950170002406e-08
ENSG00000079313.7	595.845304456993	-0.638403098426418	0.120245561022126	-5.30916146092865	1.10130739700369e-07	3.57924904026199e-07
ENSG00000267059.2	893.488292064362	-0.493730030526713	0.0985933737370687	-5.00774049829561	5.50727162926993e-07	1.73562499831537e-06
ENSG00000182087.8	1598.34889523065	0.361083710425721	0.0748519607327849	4.82397130136322	1.40727674989646e-06	4.30461123497742e-06
ENSG00000130270.12	43.4594606263502	2.45481107398147	0.51453599887684	4.77092191671717	1.83384625474429e-06	5.44914315695445e-06
ENSG00000185988.7	19.5761026715897	-3.50470938408511	0.802100815518901	-4.36941256794236	1.24581206001377e-05	3.59901261781755e-05
ENSG00000070388.7	14.9917030964838	-4.7696657907989	1.09723532979107	-4.34698524673563	1.3802149914595e-05	3.8795232192375e-05
ENSG00000227500.5	475.488076068679	-0.580762750921011	0.142860679903994	-4.06523860387126	4.79833466542693e-05	0.000131322843474842
ENSG00000116032.5	12.1331755915182	6.5458515062776	1.64747950897009	3.97325215314496	7.08979255464882e-05	0.000189061134790635
ENSG00000267317.1	31.2191816917511	2.41004780192994	0.610464698367185	3.94789053056813	7.88428390260374e-05	0.000204991381467697
ENSG00000116014.5	27.2253163298474	2.58903923464119	0.664223715895869	3.89784220689747	9.70536196385174e-05	0.00024032324862871
ENSG00000130005.7	284.15449311872	-0.674397857036953	0.172934400237689	-3.89973224592694	9.62991252204945e-05	0.00024032324862871
ENSG00000228300.9	190.632971533722	0.825075486532266	0.22382993467336	3.68617132349307	0.000227653125425832	0.000550602908006663
ENSG00000099617.2	34.5339734172291	2.05537734267968	0.578292970843903	3.55421463913051	0.000379109674975834	0.000896077413579243
ENSG00000141933.8	121.472787590044	-0.936227242182275	0.268890858503768	-3.4818113467742	0.000498034430695708	0.00115101290649675
ENSG00000185761.6	42.2696773204726	3.0369939581867	0.87910478124081	3.45464388659125	0.000551020105597505	0.00124578458656827
ENSG00000129911.4	349.718496111112	-0.526880040796849	0.154356904743858	-3.41338822303518	0.000641604720894132	0.0014197210845317
ENSG00000175221.10	506.73570934102	-0.441155408948355	0.130490829263183	-3.3807387955103	0.000722912287481027	0.00156630995620889
ENSG00000099866.10	32.332393084151	-1.78460927061509	0.53462339512413	-3.33806804358185	0.000843630874775093	0.00179056348931856
ENSG00000196415.5	35.9944559925582	1.54788475398311	0.517312648314253	2.9921649103828	0.00277006582704275	0.00576173692024892
ENSG00000267530.2	10.1185698320659	4.79033415622404	1.68102302480364	2.84965410083161	0.00437667982262441	0.00892499414809683
ENSG00000181588.15	294.211109339145	0.501715352283678	0.176850752765034	2.8369421358939	0.00455478659246832	0.00910957318493665
ENSG00000065268.6	424.305625868492	0.421617028803876	0.153109562541245	2.75369494763138	0.00589266640952337	0.0115629680488761
ENSG00000071655.13	1200.15023532769	-0.234254901255136	0.0870209106802714	-2.69193805746099	0.0071038137837292	0.013681419139034
ENSG00000197540.3	8.75670607200768	4.57264789850805	1.72072069638737	2.65740274299499	0.007874530775249	0.0148900218295617
ENSG00000267778.1	6.18862741657868	-3.39046620614664	1.41380822636645	-2.39810898176783	0.0164799612159325	0.0306056422581603
ENSG00000267751.1	11.6512789329385	2.17206829447192	0.980257509748696	2.21581398037824	0.026704244593166	0.0487235339945484
