"","baseMean","log2FoldChange","lfcSE","stat","pvalue","padj"
"ENSG00000011304.12",3794.57541290386,3.37333267042847,0.0799391870502237,42.1987362507088,0,0
"ENSG00000099822.2",1874.76323754529,-3.54372529875296,0.0919073679843413,-38.5575757033617,0,0
"ENSG00000099864.13",4499.43299061958,-4.60065212858242,0.0756407153380293,-60.8224301954662,0,0
"ENSG00000115266.7",2246.7392418102,-7.15376180334431,0.16955865322736,-42.1904849276661,0,0
"ENSG00000064666.10",1869.58453856742,4.97870623908212,0.137508959988494,36.2064133093488,4.8256735637555e-287,1.10990491966377e-285
"ENSG00000099622.9",4066.44769786589,-1.95615264452918,0.0618713219330988,-31.6164675880751,2.19275033952514e-219,4.20277148408985e-218
"ENSG00000116017.6",742.593306248334,3.58884057225213,0.163181851076924,21.99289043829,3.36834851692909e-107,5.53371542066922e-106
"ENSG00000180448.6",607.08871696513,4.27540252049558,0.200255176152464,21.3497728380339,3.91838603671591e-101,5.63267992777912e-100
"ENSG00000071564.10",803.190184350495,2.56191326291472,0.133541360998874,19.1844177994885,4.9950422733995e-82,6.38255401601048e-81
"ENSG00000129968.11",897.380260188031,-2.06621341173868,0.113124714525605,-18.2649160300954,1.57454961554444e-74,1.81073205787611e-73
"ENSG00000071626.12",1528.40700248644,1.49082995953004,0.0918878192705291,16.2244568579961,3.38700376119025e-59,3.54095847760799e-58
"ENSG00000133243.4",1448.13736674409,-1.62075836594303,0.100086722688491,-16.1935401860191,5.60112293380517e-59,5.36774281156329e-58
"ENSG00000167468.12",3829.56166213214,-0.934610619225407,0.0610279752427443,-15.3144621873478,6.12161306425616e-53,5.41527309530353e-52
"ENSG00000099625.8",272.082943525311,-3.01598575004323,0.212896420032342,-14.1664465263674,1.47792006297724e-45,1.21400576601702e-44
"ENSG00000160953.10",1211.31063598764,-1.2008972519472,0.0977724917573156,-12.2825677280271,1.12374137291764e-34,8.61535052570192e-34
"ENSG00000172232.5",206.777569700616,5.13229202894011,0.423005176654294,12.1329296003735,7.06750007532959e-34,5.07976567914314e-33
"ENSG00000064932.11",350.746255044746,2.36049134885358,0.197582513929875,11.9468636262587,6.74219138133607e-33,4.56089416972734e-32
"ENSG00000115286.15",843.257977815358,-1.28901850982101,0.114501566270759,-11.2576495833507,2.12346847030553e-29,1.35666041158409e-28
"ENSG00000099812.6",185.086226547988,5.98663083093438,0.554486969861954,10.796702458896,3.56787941768068e-27,2.15950596333304e-26
"ENSG00000183186.6",130.913491583754,-3.81856371815162,0.357071391944071,-10.6941183312432,1.08446101244472e-26,6.23565082155716e-26
"ENSG00000197561.2",317.212712504083,7.77926570481809,0.741008906439,10.4982081014413,8.80353700815603e-26,4.82098455208545e-25
"ENSG00000129946.6",262.095762745501,-2.16347342301916,0.218919893947457,-9.88248890499838,4.9585751711897e-23,2.59198247584916e-22
"ENSG00000129951.14",242.004475063102,-2.09671408453843,0.216144394941416,-9.70052489728788,2.99951509017138e-22,1.49975754508569e-21
"ENSG00000079313.7",668.302509417906,-1.22541521961864,0.126602267216444,-9.6792517745644,3.69409561754859e-22,1.7700874834087e-21
"ENSG00000099624.3",1082.85193015806,-1.02014497596825,0.105569952893094,-9.66321332928227,4.32093565356309e-22,1.98763040063902e-21
"ENSG00000167470.8",1238.66444339606,0.959148646361377,0.100785167598295,9.51676391693176,1.78655832649407e-21,7.90208490564684e-21
"ENSG00000070404.5",358.906350227332,1.77864663368933,0.186977069137202,9.51264581211391,1.85873721461325e-21,7.91684369187126e-21
"ENSG00000064687.8",415.575328208162,1.75558869639834,0.185185514117314,9.48016212156954,2.53888308514271e-21,1.04275555282647e-20
"ENSG00000196415.5",144.704539816331,2.787229506125,0.314745457016537,8.8555035314729,8.33068817726339e-19,3.30354875994927e-18
"ENSG00000115268.5",5314.00659875479,0.451474490497108,0.0550190748870033,8.20578120268896,2.29096301454987e-16,8.78202488910783e-16
"ENSG00000129911.4",372.288705295241,-1.32969327329243,0.171213921160219,-7.76626844524005,8.08321447589659e-15,2.99861182170357e-14
"ENSG00000127540.7",686.671497260537,-0.947642445341326,0.127355201208249,-7.44094027060392,9.99711441251854e-14,3.59271299199885e-13
"ENSG00000197766.3",77.2108036221684,3.85544190669942,0.519353364550956,7.42354275500442,1.14028335986246e-13,3.97371473891464e-13
"ENSG00000267059.2",957.60604706637,-0.790324689426924,0.106833248072849,-7.39774090635157,1.38520784754996e-13,4.68526183730133e-13
"ENSG00000130005.7",373.85032384389,-1.12346816941248,0.167005827352545,-6.72711956955169,1.73054532772436e-11,5.68607750538003e-11
"ENSG00000071655.13",957.303967940065,-0.679091209880728,0.108783072788111,-6.2426183823973,4.3030586788237e-10,1.37458818906868e-09
"ENSG00000130270.12",50.0703794222723,4.23352533692816,0.685406695327339,6.17666177729166,6.54711197029413e-10,2.03491317995628e-09
"ENSG00000118046.10",952.449111365317,-0.528482315102137,0.106666713523021,-4.9545195276695,7.25092348154711e-07,2.19435842204715e-06
"ENSG00000070388.7",21.0688258313914,-4.23210471238202,0.906279063723875,-4.66975888750251,3.01553457334723e-06,8.89196092140851e-06
"ENSG00000099866.10",44.3319759755954,-2.28463560106372,0.503236910818242,-4.53988082342569,5.62860333063934e-06,1.61822345755881e-05
"ENSG00000185988.7",19.4919378546952,-3.89674060256997,0.870075533983699,-4.47862334977802,7.51259550706216e-06,2.10719142271256e-05
"ENSG00000185761.6",37.5799100182781,2.47316656034833,0.591239616139715,4.18301902111361,2.87663313558177e-05,7.87649549028342e-05
"ENSG00000141933.8",114.386816951222,-1.24708931269346,0.30183793837791,-4.13165196991264,3.60165453284478e-05,9.63233189016628e-05
"ENSG00000267317.1",68.0320426339235,1.67617064002275,0.412183194465737,4.06656715394563,4.77107412306039e-05,0.000124698528216351
"ENSG00000227500.5",638.486122653356,-0.520191494031755,0.128145131793907,-4.05939333589643,4.92003759880393e-05,0.000125734294191656
"ENSG00000267530.2",19.037733562431,4.65861591638773,1.22156310318709,3.81365146363154,0.000136928541303886,0.000342321353259714
"ENSG00000266939.1",6.50854645958872,-6.6497889635199,1.87658089035427,-3.54356638592036,0.000394753912327549,0.000965887232290812
"ENSG00000065268.6",428.044384006855,0.548780923267741,0.159288858548214,3.44519339437438,0.000570650949721421,0.00136718456704091
"ENSG00000228300.9",262.008090602987,0.695959409446345,0.207246759857185,3.35811961511936,0.000784746466271233,0.00184175191063657
"ENSG00000116014.5",16.0875555393531,3.34883162590931,1.01872876612604,3.28726520469628,0.00101165511758156,0.00232680677043759
"ENSG00000175221.10",391.258078672928,-0.504825717597128,0.163441001801397,-3.08873362273293,0.00201011580694818,0.004532614074491
"ENSG00000119559.11",226.899127975351,-0.641900764286262,0.211140507406257,-3.04015923884835,0.00236453095068851,0.00522925114094574
"ENSG00000198683.2",289.742827004949,-0.561488357995661,0.186329626180153,-3.01341428900193,0.00258326000197987,0.00560518679674877
"ENSG00000197540.3",13.85607128099,3.1424103932992,1.09605849089529,2.8670097621637,0.00414370230625767,0.00882455120777096
"ENSG00000223244.1",38.1453174996582,-1.4928070921683,0.528128286461618,-2.8265993896481,0.00470451421779877,0.00983671154630652
"ENSG00000181588.15",216.829908004519,0.61512972705303,0.23412922013012,2.62730865763429,0.00860632288480176,0.0176736987812893
"ENSG00000267036.1",3.15892288288551,-5.61303894028166,2.27984013054765,-2.46203181752632,0.0138152410335659,0.0278728547168436
"ENSG00000116032.5",14.7159688161123,2.30975641628931,0.962106756572782,2.40072777839865,0.0163625037923492,0.0324428954503476
"ENSG00000267759.1",3.85748543910023,4.86679494054589,2.09880764859678,2.31883800490232,0.0204038216468491,0.0397701608370788
"ENSG00000267751.1",15.6096310667766,1.93972696243807,0.880294305032594,2.20349825206043,0.0275596500354264,0.0528226625679005
"ENSG00000267778.1",3.83388123603624,-4.37907219533059,2.10320715257015,-2.08209266974929,0.0373340059728955,0.07038378175218
"ENSG00000206082.8",49.1816880891929,0.928348789414692,0.462171555368637,2.00866708180304,0.0445724519693869,0.0826747092980564
"ENSG00000099617.2",61.163688577022,0.814347704865295,0.415395607201323,1.96041482083035,0.0499473249607338,0.091173688420387
"ENSG00000182087.8",1149.08467345203,0.197169946744417,0.102976969220712,1.9146994540286,0.055530843261975,0.0997819839863614
"ENSG00000099817.7",968.305876444566,-0.201955993406881,0.111571914999676,-1.81009704285768,0.0702807394924496,0.124342846794334
"ENSG00000263414.1",1.81499256076789,-4.80659425045963,2.70052319824915,-1.77987519365726,0.07509638821685,0.12889678574534
"ENSG00000268798.1",13.3047576181305,-1.57196495589075,0.880349885981139,-1.78561385753894,0.0741618016066325,0.12889678574534
"ENSG00000267092.1",1.78320911179828,-4.78484650669354,2.71435833099707,-1.76279102580238,0.0779357415543261,0.131803092334522
"ENSG00000172270.14",7842.7589747004,0.088250171034417,0.0503797022017345,1.75170092671526,0.0798252474661197,0.1330420791102
"ENSG00000266927.2",2.28480251684876,4.11093164200039,2.44895228080659,1.67864914078538,0.0932204434111183,0.153147871318266
"ENSG00000115255.6",209.863427852187,-0.374568869921449,0.229170639984737,-1.63445400312359,0.102163556887639,0.165476183691246
"ENSG00000267755.1",1.71964221385904,-4.73846840257101,3.00325974107099,-1.57777508810518,0.114617288872784,0.183069280838475
"ENSG00000267372.1",1.40749722005685,-4.44631655181682,2.9806476769411,-1.49172832006092,0.135770381742862,0.213884847951084
"ENSG00000225373.4",11.5941278721789,1.39037441830342,0.980670987923523,1.41777867952167,0.156255390676909,0.24282932334925
"ENSG00000105549.6",4.34999436029108,-2.34199055078134,1.67668580563917,-1.39679750547453,0.162474472658133,0.249127524742471
"ENSG00000207357.1",2.81529132840355,-2.83453193206764,2.07769622430663,-1.36426677726364,0.172483618069928,0.260994948395285
"ENSG00000267007.1",2.83107061671954,-2.79654632048809,2.07187544049669,-1.34976565956961,0.177091163361436,0.264486802422924
"ENSG00000261526.1",23.4384550270322,0.891920056398761,0.677563751415248,1.31636330092302,0.188052133888883,0.270324942465269
"ENSG00000267161.1",42.9153719656262,0.657901569342451,0.497349037592054,1.32281661291178,0.185896371167125,0.270324942465269
"ENSG00000267244.1",1.99499487045672,-3.35317151486671,2.52235974135764,-1.32937877967474,0.183723035185201,0.270324942465269
"ENSG00000133275.11",688.32448188105,-0.16260093964216,0.128856216145366,-1.26187889499041,0.206992367368786,0.293878052437165
"ENSG00000198858.5",346.554532426522,-0.22383243242899,0.182037469288986,-1.22959538661601,0.218848658468601,0.306921899071819
"ENSG00000181781.5",3.01107292640836,-2.20876281077063,1.97118157943674,-1.12052731915331,0.2624891175555,0.363354606678881
"ENSG00000267600.1",8.50480818569929,1.24113333483224,1.11442090881491,1.11370248441594,0.265406843139356,0.363354606678881
"ENSG00000105556.6",138.226489832754,0.290032208343963,0.270095815904281,1.07381229647314,0.282906817603977,0.382756282640675
"ENSG00000099804.4",706.842889619132,-0.12872566761326,0.122946007094723,-1.04700974562016,0.295095083409788,0.394603890606111
"ENSG00000266926.1",2.30050978921254,2.40320333029692,2.3668300840005,1.01536791616022,0.309930480920105,0.408919697722681
"ENSG00000272098.1",81.6033520358936,0.362243734516903,0.358966499331183,1.00912964076544,0.312912464344312,0.408919697722681
"ENSG00000267125.1",0.719640334513234,-3.47380933107152,3.86374785053388,-0.899077648297242,0.368611302777582,0.47629550358901
"ENSG00000267639.2",0.751423783482853,-3.52855169993358,4.12865770268292,-0.854648642254993,0.392745690367516,0.501841715469604
"ENSG00000267305.1",2.38678293880398,-1.7754462190295,2.19418745397,-0.809158860067833,0.41842377532037,0.528777298481786
"ENSG00000240846.1",9.01266276155408,0.844448334761528,1.06072294595887,0.796106408349793,0.42597018971841,0.532462737148013
"ENSG00000213638.4",32.4142300378641,-0.406742335553165,0.561008686807906,-0.725019674592735,0.468439960496909,0.579253714592952
"ENSG00000185198.7",0.860563327654158,2.70409166079933,3.88816238378057,0.69546777986419,0.486762196423451,0.595506942432945
"ENSG00000267666.1",7.46291096329247,-0.733837312915104,1.13623393184563,-0.645850552731781,0.518376145298971,0.627507965361912
"ENSG00000252933.1",0.712119594597303,2.42757441787972,3.81939884904786,0.635590707811226,0.525043227569647,0.62895803302614
"ENSG00000267493.2",3.16047934028699,0.973639415361644,1.78528666407016,0.545368671013263,0.585499983000441,0.694149464381966
"ENSG00000267020.1",0.532117284908479,2.0075950096445,4.29768436725281,0.467134121095963,0.640403923398943,0.749991997964262
"ENSG00000272448.1",0.524227640750487,1.98778181117782,4.32295454993189,0.459820196631292,0.645645285204017,0.749991997964262
"ENSG00000261204.1",0.540006929066471,2.02761759039983,4.70504493253109,0.430945425490139,0.666508052848682,0.766484260775984
"ENSG00000070423.13",364.058924172384,-0.0599519016507472,0.171077856068002,-0.350436362885662,0.726011240744353,0.806450464166434
"ENSG00000222720.1",1.0638656655749,-1.05596064841591,3.05154569702416,-0.346041237214856,0.729311724115731,0.806450464166434
"ENSG00000248015.2",62.7046233915022,-0.153474428075872,0.424395930421885,-0.361630301033532,0.717628318112713,0.806450464166434
"ENSG00000266933.1",1.94809792570303,0.773106583512436,2.20675003695917,0.35033717936525,0.726085665980356,0.806450464166434
"ENSG00000267073.1",0.360004619377647,1.4418971010468,4.89014168187662,0.294857939677008,0.76810240343885,0.83053199042038
"ENSG00000267715.1",0.352114975219655,1.41275039619207,4.89226913235808,0.288772011099709,0.772755851956353,0.83053199042038
"ENSG00000269169.1",0.360004619377647,1.4418971010468,4.89014168187662,0.294857939677008,0.76810240343885,0.83053199042038
"ENSG00000267237.2",5.96264726396001,-0.31808508529585,1.30512173151125,-0.243720625912441,0.807447197818522,0.859781738417871
"ENSG00000267588.2",3.65203286719829,-0.392198166267074,1.76658254420334,-0.222009533352397,0.824306461973663,0.868915493021876
"ENSG00000272473.1",1.80776870914182,0.511492331159093,2.39862340183381,0.213244117758563,0.831136558542664,0.868915493021876
"ENSG00000207507.1",1.57997878982974,0.353775426598201,2.57756614710379,0.137251735322374,0.89083181893122,0.922933866460273
"ENSG00000099821.9",456.178658256808,0.0187855541601969,0.152034805725102,0.123560878514645,0.901662969468566,0.92581465615076
"ENSG00000141934.5",107.615304764837,0.0200672766437507,0.318781578977009,0.0629499254886305,0.949806378855589,0.966617111224715
"ENSG00000115257.11",53.5090336406995,-0.00987925690257314,0.452490233365539,-0.0218330831785982,0.982581103911518,0.982581103911518
"ENSG00000267029.3",0.71993722280309,-0.0958764256400456,3.89826843303286,-0.0245946186844433,0.980378311670527,0.982581103911518
"ENSG00000176695.5",0,NA,NA,NA,NA,NA
"ENSG00000180846.4",0,NA,NA,NA,NA,NA
"ENSG00000205922.4",0.172112665530832,0.403048289127309,4.99584451155481,0.0806767080510822,0.935699060705326,NA
"ENSG00000213726.4",0,NA,NA,NA,NA,NA
"ENSG00000222329.1",0,NA,NA,NA,NA,NA
"ENSG00000233630.4",0,NA,NA,NA,NA,NA
"ENSG00000239367.2",0,NA,NA,NA,NA,NA
"ENSG00000252539.1",0,NA,NA,NA,NA,NA
"ENSG00000265767.1",0,NA,NA,NA,NA,NA
"ENSG00000266399.1",0.180002309688824,0.435667773731519,4.99354206049545,0.0872462409354961,0.930475784508895,NA
"ENSG00000266945.2",0,NA,NA,NA,NA,NA
"ENSG00000266971.1",0.180002309688824,0.435667773731519,4.99354206049545,0.0872462409354961,0.930475784508895,NA
"ENSG00000266990.1",0,NA,NA,NA,NA,NA
"ENSG00000267124.2",0.172112665530832,0.403048289127309,4.99584451155481,0.0806767080510822,0.935699060705326,NA
"ENSG00000267141.1",0.172112665530832,0.403048289127309,4.99584451155481,0.0806767080510822,0.935699060705326,NA
"ENSG00000267159.1",0,NA,NA,NA,NA,NA
"ENSG00000267232.1",0.343928442771808,-2.45438348415416,4.9942591243659,-0.491440957114091,0.623114602172163,NA
"ENSG00000267290.1",0.172112665530832,0.403048289127309,4.99584451155481,0.0806767080510822,0.935699060705326,NA
"ENSG00000267310.1",0,NA,NA,NA,NA,NA
"ENSG00000267443.1",0,NA,NA,NA,NA,NA
"ENSG00000267447.1",0,NA,NA,NA,NA,NA
"ENSG00000267616.1",0,NA,NA,NA,NA,NA
"ENSG00000267736.1",0,NA,NA,NA,NA,NA
"ENSG00000267792.1",0,NA,NA,NA,NA,NA
"ENSG00000271846.1",0,NA,NA,NA,NA,NA
